NAME_1,cl_1,cl_2,cl_3,cl_4,cl_5,cl_6,cl_7,cl_8,cl_9,cl_10,cl_11,cl_12,cl_13,cl_14,cl_15,cl_16,cl_17,cl_18,cl_19,cl_20,cl_21,cl_22,cl_23,cl_24,cl_25,cl_26,cl_27,cl_28,cl_29,cl_30,cl_31,cl_32,cl_33,cl_34,cl_35,cl_36,cl_37,cl_38,cl_39,cl_40,cl_41,cl_42,cl_43,cl_44,cl_45,cl_46,cl_47,cl_48,cl_49,cl_50,cl_51,cl_52,cl_53,cl_54,cl_55,cl_56,cl_57,cl_58,cl_59,cl_60,cl_61,cl_62,cl_63,cl_64,cl_65,cl_66,cl_67,cl_68,cl_69,cl_70,cl_71,cl_72,cl_73,cl_74,cl_75,cl_76,cl_77,cl_78,cl_79,cl_80,cl_81,cl_82,cl_83,cl_84,cl_85,cl_86,cl_87,cl_88,cl_89,cl_90,cl_91,cl_92,cl_93,cl_94,cl_95,cl_96,cl_97,cl_98,cl_99,cl_100,most_cl
Amnat Charoen,not-hotspot,not-hotspot,not-hotspot,not-hotspot,not-hotspot,not-hotspot,not-hotspot,not-hotspot,not-hotspot,not-hotspot,not-hotspot,not-hotspot,not-hotspot,not-hotspot,not-hotspot,not-hotspot,not-hotspot,not-hotspot,not-hotspot,not-hotspot,not-hotspot,not-hotspot,not-hotspot,not-hotspot,not-hotspot,not-hotspot,not-hotspot,not-hotspot,not-hotspot,not-hotspot,not-hotspot,not-hotspot,not-hotspot,not-hotspot,not-hotspot,not-hotspot,not-hotspot,not-hotspot,not-hotspot,not-hotspot,not-hotspot,not-hotspot,not-hotspot,not-hotspot,not-hotspot,not-hotspot,not-hotspot,not-hotspot,not-hotspot,not-hotspot,not-hotspot,not-hotspot,not-hotspot,not-hotspot,not-hotspot,not-hotspot,not-hotspot,not-hotspot,not-hotspot,not-hotspot,not-hotspot,not-hotspot,not-hotspot,not-hotspot,not-hotspot,not-hotspot,not-hotspot,not-hotspot,not-hotspot,not-hotspot,not-hotspot,not-hotspot,not-hotspot,not-hotspot,not-hotspot,not-hotspot,not-hotspot,not-hotspot,not-hotspot,not-hotspot,not-hotspot,not-hotspot,not-hotspot,not-hotspot,not-hotspot,not-hotspot,not-hotspot,not-hotspot,not-hotspot,not-hotspot,not-hotspot,not-hotspot,not-hotspot,not-hotspot,not-hotspot,not-hotspot,not-hotspot,not-hotspot,not-hotspot,not-hotspot,not-hotspot
Ang Thong,not-hotspot,not-hotspot,not-hotspot,not-hotspot,not-hotspot,not-hotspot,not-hotspot,not-hotspot,not-hotspot,not-hotspot,not-hotspot,not-hotspot,not-hotspot,not-hotspot,not-hotspot,not-hotspot,not-hotspot,not-hotspot,not-hotspot,not-hotspot,not-hotspot,not-hotspot,not-hotspot,not-hotspot,not-hotspot,not-hotspot,not-hotspot,not-hotspot,not-hotspot,not-hotspot,not-hotspot,not-hotspot,not-hotspot,not-hotspot,not-hotspot,not-hotspot,not-hotspot,not-hotspot,not-hotspot,not-hotspot,not-hotspot,not-hotspot,not-hotspot,not-hotspot,not-hotspot,not-hotspot,not-hotspot,not-hotspot,not-hotspot,not-hotspot,not-hotspot,not-hotspot,not-hotspot,not-hotspot,not-hotspot,not-hotspot,not-hotspot,not-hotspot,not-hotspot,not-hotspot,not-hotspot,not-hotspot,not-hotspot,not-hotspot,not-hotspot,not-hotspot,not-hotspot,not-hotspot,not-hotspot,not-hotspot,not-hotspot,not-hotspot,not-hotspot,not-hotspot,not-hotspot,not-hotspot,not-hotspot,not-hotspot,not-hotspot,not-hotspot,not-hotspot,not-hotspot,not-hotspot,not-hotspot,not-hotspot,not-hotspot,not-hotspot,not-hotspot,not-hotspot,not-hotspot,not-hotspot,not-hotspot,not-hotspot,not-hotspot,not-hotspot,not-hotspot,not-hotspot,not-hotspot,not-hotspot,not-hotspot,not-hotspot
Bangkok Metropolis,not-hotspot,not-hotspot,not-hotspot,not-hotspot,not-hotspot,not-hotspot,not-hotspot,not-hotspot,not-hotspot,not-hotspot,not-hotspot,not-hotspot,not-hotspot,not-hotspot,not-hotspot,not-hotspot,not-hotspot,not-hotspot,not-hotspot,not-hotspot,not-hotspot,not-hotspot,not-hotspot,not-hotspot,not-hotspot,not-hotspot,not-hotspot,not-hotspot,not-hotspot,not-hotspot,not-hotspot,not-hotspot,not-hotspot,not-hotspot,not-hotspot,not-hotspot,not-hotspot,not-hotspot,not-hotspot,not-hotspot,not-hotspot,not-hotspot,not-hotspot,not-hotspot,not-hotspot,not-hotspot,not-hotspot,not-hotspot,not-hotspot,not-hotspot,not-hotspot,not-hotspot,not-hotspot,not-hotspot,not-hotspot,not-hotspot,not-hotspot,not-hotspot,not-hotspot,not-hotspot,not-hotspot,not-hotspot,not-hotspot,not-hotspot,not-hotspot,not-hotspot,not-hotspot,not-hotspot,not-hotspot,not-hotspot,not-hotspot,not-hotspot,not-hotspot,not-hotspot,not-hotspot,not-hotspot,not-hotspot,not-hotspot,not-hotspot,not-hotspot,not-hotspot,not-hotspot,not-hotspot,not-hotspot,not-hotspot,not-hotspot,not-hotspot,not-hotspot,not-hotspot,not-hotspot,not-hotspot,not-hotspot,not-hotspot,not-hotspot,not-hotspot,not-hotspot,not-hotspot,not-hotspot,not-hotspot,not-hotspot,not-hotspot
Bueng Kan,not-hotspot,not-hotspot,not-hotspot,not-hotspot,not-hotspot,not-hotspot,not-hotspot,not-hotspot,not-hotspot,not-hotspot,not-hotspot,not-hotspot,not-hotspot,not-hotspot,not-hotspot,not-hotspot,not-hotspot,not-hotspot,not-hotspot,not-hotspot,not-hotspot,not-hotspot,not-hotspot,not-hotspot,not-hotspot,not-hotspot,not-hotspot,not-hotspot,not-hotspot,not-hotspot,not-hotspot,not-hotspot,not-hotspot,not-hotspot,not-hotspot,not-hotspot,not-hotspot,not-hotspot,not-hotspot,not-hotspot,not-hotspot,not-hotspot,not-hotspot,not-hotspot,not-hotspot,not-hotspot,not-hotspot,not-hotspot,not-hotspot,not-hotspot,not-hotspot,not-hotspot,not-hotspot,not-hotspot,not-hotspot,not-hotspot,not-hotspot,not-hotspot,not-hotspot,not-hotspot,not-hotspot,not-hotspot,not-hotspot,not-hotspot,not-hotspot,not-hotspot,not-hotspot,not-hotspot,not-hotspot,not-hotspot,not-hotspot,not-hotspot,not-hotspot,not-hotspot,not-hotspot,not-hotspot,not-hotspot,not-hotspot,not-hotspot,not-hotspot,not-hotspot,not-hotspot,not-hotspot,not-hotspot,not-hotspot,not-hotspot,not-hotspot,not-hotspot,not-hotspot,not-hotspot,not-hotspot,not-hotspot,not-hotspot,not-hotspot,not-hotspot,not-hotspot,not-hotspot,not-hotspot,not-hotspot,not-hotspot,not-hotspot
Buri Ram,not-hotspot,not-hotspot,not-hotspot,not-hotspot,not-hotspot,not-hotspot,not-hotspot,not-hotspot,not-hotspot,not-hotspot,not-hotspot,not-hotspot,not-hotspot,not-hotspot,not-hotspot,not-hotspot,not-hotspot,not-hotspot,not-hotspot,not-hotspot,not-hotspot,not-hotspot,not-hotspot,not-hotspot,not-hotspot,not-hotspot,not-hotspot,not-hotspot,not-hotspot,not-hotspot,not-hotspot,not-hotspot,not-hotspot,not-hotspot,not-hotspot,not-hotspot,not-hotspot,not-hotspot,not-hotspot,not-hotspot,not-hotspot,not-hotspot,not-hotspot,not-hotspot,not-hotspot,not-hotspot,not-hotspot,not-hotspot,not-hotspot,not-hotspot,not-hotspot,not-hotspot,not-hotspot,not-hotspot,not-hotspot,not-hotspot,not-hotspot,not-hotspot,not-hotspot,not-hotspot,not-hotspot,not-hotspot,not-hotspot,not-hotspot,not-hotspot,not-hotspot,not-hotspot,not-hotspot,not-hotspot,not-hotspot,not-hotspot,not-hotspot,not-hotspot,not-hotspot,not-hotspot,not-hotspot,not-hotspot,not-hotspot,not-hotspot,not-hotspot,not-hotspot,not-hotspot,not-hotspot,not-hotspot,not-hotspot,not-hotspot,not-hotspot,not-hotspot,not-hotspot,not-hotspot,not-hotspot,not-hotspot,not-hotspot,not-hotspot,not-hotspot,not-hotspot,not-hotspot,not-hotspot,not-hotspot,not-hotspot,not-hotspot
Chachoengsao,not-hotspot,not-hotspot,not-hotspot,not-hotspot,not-hotspot,not-hotspot,not-hotspot,not-hotspot,not-hotspot,not-hotspot,not-hotspot,not-hotspot,not-hotspot,not-hotspot,not-hotspot,not-hotspot,not-hotspot,not-hotspot,not-hotspot,not-hotspot,not-hotspot,not-hotspot,not-hotspot,not-hotspot,not-hotspot,not-hotspot,not-hotspot,not-hotspot,not-hotspot,not-hotspot,not-hotspot,not-hotspot,not-hotspot,not-hotspot,not-hotspot,not-hotspot,not-hotspot,not-hotspot,not-hotspot,not-hotspot,not-hotspot,not-hotspot,not-hotspot,not-hotspot,not-hotspot,not-hotspot,not-hotspot,not-hotspot,not-hotspot,not-hotspot,not-hotspot,not-hotspot,not-hotspot,not-hotspot,not-hotspot,not-hotspot,not-hotspot,not-hotspot,not-hotspot,not-hotspot,not-hotspot,not-hotspot,not-hotspot,not-hotspot,not-hotspot,not-hotspot,not-hotspot,not-hotspot,not-hotspot,not-hotspot,not-hotspot,not-hotspot,not-hotspot,not-hotspot,not-hotspot,not-hotspot,not-hotspot,not-hotspot,not-hotspot,not-hotspot,not-hotspot,not-hotspot,not-hotspot,not-hotspot,not-hotspot,not-hotspot,not-hotspot,not-hotspot,not-hotspot,not-hotspot,not-hotspot,not-hotspot,not-hotspot,not-hotspot,not-hotspot,not-hotspot,not-hotspot,not-hotspot,not-hotspot,not-hotspot,not-hotspot
Chai Nat,not-hotspot,not-hotspot,not-hotspot,not-hotspot,not-hotspot,not-hotspot,not-hotspot,not-hotspot,not-hotspot,not-hotspot,not-hotspot,not-hotspot,not-hotspot,not-hotspot,not-hotspot,not-hotspot,not-hotspot,not-hotspot,not-hotspot,not-hotspot,not-hotspot,not-hotspot,not-hotspot,not-hotspot,not-hotspot,not-hotspot,not-hotspot,not-hotspot,not-hotspot,not-hotspot,not-hotspot,not-hotspot,not-hotspot,not-hotspot,not-hotspot,not-hotspot,not-hotspot,not-hotspot,not-hotspot,not-hotspot,not-hotspot,not-hotspot,not-hotspot,not-hotspot,not-hotspot,not-hotspot,not-hotspot,not-hotspot,not-hotspot,not-hotspot,not-hotspot,not-hotspot,not-hotspot,not-hotspot,not-hotspot,not-hotspot,not-hotspot,not-hotspot,not-hotspot,not-hotspot,not-hotspot,not-hotspot,not-hotspot,not-hotspot,not-hotspot,not-hotspot,not-hotspot,not-hotspot,not-hotspot,not-hotspot,not-hotspot,not-hotspot,not-hotspot,not-hotspot,not-hotspot,not-hotspot,not-hotspot,not-hotspot,not-hotspot,not-hotspot,not-hotspot,not-hotspot,not-hotspot,not-hotspot,not-hotspot,not-hotspot,not-hotspot,not-hotspot,not-hotspot,not-hotspot,not-hotspot,not-hotspot,not-hotspot,not-hotspot,not-hotspot,not-hotspot,not-hotspot,not-hotspot,not-hotspot,not-hotspot,not-hotspot
Chaiyaphum,not-hotspot,not-hotspot,not-hotspot,not-hotspot,not-hotspot,not-hotspot,not-hotspot,not-hotspot,not-hotspot,not-hotspot,not-hotspot,not-hotspot,not-hotspot,not-hotspot,not-hotspot,not-hotspot,not-hotspot,not-hotspot,not-hotspot,not-hotspot,not-hotspot,not-hotspot,not-hotspot,not-hotspot,not-hotspot,not-hotspot,not-hotspot,not-hotspot,not-hotspot,not-hotspot,not-hotspot,not-hotspot,not-hotspot,not-hotspot,not-hotspot,not-hotspot,not-hotspot,not-hotspot,not-hotspot,not-hotspot,not-hotspot,not-hotspot,not-hotspot,not-hotspot,not-hotspot,not-hotspot,not-hotspot,not-hotspot,not-hotspot,not-hotspot,not-hotspot,not-hotspot,not-hotspot,not-hotspot,not-hotspot,not-hotspot,not-hotspot,not-hotspot,not-hotspot,not-hotspot,not-hotspot,not-hotspot,not-hotspot,not-hotspot,not-hotspot,not-hotspot,not-hotspot,not-hotspot,not-hotspot,not-hotspot,not-hotspot,not-hotspot,not-hotspot,not-hotspot,not-hotspot,not-hotspot,not-hotspot,not-hotspot,not-hotspot,not-hotspot,not-hotspot,not-hotspot,not-hotspot,not-hotspot,not-hotspot,not-hotspot,not-hotspot,not-hotspot,not-hotspot,not-hotspot,not-hotspot,not-hotspot,not-hotspot,not-hotspot,not-hotspot,not-hotspot,not-hotspot,not-hotspot,not-hotspot,not-hotspot,not-hotspot
Chanthaburi,not-hotspot,not-hotspot,not-hotspot,not-hotspot,not-hotspot,not-hotspot,not-hotspot,not-hotspot,not-hotspot,not-hotspot,not-hotspot,not-hotspot,not-hotspot,not-hotspot,not-hotspot,not-hotspot,not-hotspot,not-hotspot,not-hotspot,not-hotspot,not-hotspot,not-hotspot,not-hotspot,not-hotspot,not-hotspot,not-hotspot,not-hotspot,not-hotspot,not-hotspot,not-hotspot,not-hotspot,not-hotspot,not-hotspot,not-hotspot,not-hotspot,not-hotspot,not-hotspot,not-hotspot,not-hotspot,not-hotspot,not-hotspot,not-hotspot,not-hotspot,not-hotspot,not-hotspot,not-hotspot,not-hotspot,not-hotspot,not-hotspot,not-hotspot,not-hotspot,not-hotspot,not-hotspot,not-hotspot,not-hotspot,not-hotspot,not-hotspot,not-hotspot,not-hotspot,not-hotspot,not-hotspot,not-hotspot,not-hotspot,not-hotspot,not-hotspot,not-hotspot,not-hotspot,not-hotspot,not-hotspot,not-hotspot,not-hotspot,not-hotspot,not-hotspot,not-hotspot,not-hotspot,not-hotspot,not-hotspot,not-hotspot,not-hotspot,not-hotspot,not-hotspot,not-hotspot,not-hotspot,not-hotspot,not-hotspot,not-hotspot,not-hotspot,not-hotspot,not-hotspot,not-hotspot,not-hotspot,not-hotspot,not-hotspot,not-hotspot,not-hotspot,not-hotspot,not-hotspot,not-hotspot,not-hotspot,not-hotspot,not-hotspot
Chiang Mai,not-hotspot,not-hotspot,not-hotspot,not-hotspot,not-hotspot,not-hotspot,not-hotspot,not-hotspot,not-hotspot,not-hotspot,not-hotspot,not-hotspot,not-hotspot,not-hotspot,not-hotspot,not-hotspot,not-hotspot,not-hotspot,not-hotspot,not-hotspot,not-hotspot,not-hotspot,not-hotspot,not-hotspot,not-hotspot,not-hotspot,not-hotspot,not-hotspot,not-hotspot,not-hotspot,not-hotspot,not-hotspot,not-hotspot,not-hotspot,not-hotspot,not-hotspot,not-hotspot,not-hotspot,not-hotspot,not-hotspot,not-hotspot,not-hotspot,not-hotspot,not-hotspot,not-hotspot,not-hotspot,not-hotspot,not-hotspot,not-hotspot,not-hotspot,not-hotspot,not-hotspot,not-hotspot,not-hotspot,not-hotspot,not-hotspot,not-hotspot,not-hotspot,not-hotspot,not-hotspot,not-hotspot,not-hotspot,not-hotspot,not-hotspot,not-hotspot,not-hotspot,not-hotspot,not-hotspot,not-hotspot,not-hotspot,not-hotspot,not-hotspot,not-hotspot,not-hotspot,not-hotspot,not-hotspot,not-hotspot,not-hotspot,not-hotspot,not-hotspot,not-hotspot,not-hotspot,not-hotspot,not-hotspot,not-hotspot,not-hotspot,not-hotspot,not-hotspot,not-hotspot,not-hotspot,not-hotspot,not-hotspot,not-hotspot,not-hotspot,not-hotspot,not-hotspot,not-hotspot,not-hotspot,not-hotspot,not-hotspot,not-hotspot
Chiang Rai,not-hotspot,not-hotspot,not-hotspot,not-hotspot,not-hotspot,not-hotspot,not-hotspot,not-hotspot,not-hotspot,not-hotspot,not-hotspot,not-hotspot,not-hotspot,not-hotspot,not-hotspot,not-hotspot,not-hotspot,not-hotspot,not-hotspot,not-hotspot,not-hotspot,not-hotspot,not-hotspot,not-hotspot,not-hotspot,not-hotspot,not-hotspot,not-hotspot,not-hotspot,not-hotspot,not-hotspot,not-hotspot,not-hotspot,not-hotspot,not-hotspot,not-hotspot,not-hotspot,not-hotspot,not-hotspot,not-hotspot,not-hotspot,not-hotspot,not-hotspot,not-hotspot,not-hotspot,not-hotspot,not-hotspot,not-hotspot,not-hotspot,not-hotspot,not-hotspot,not-hotspot,not-hotspot,not-hotspot,not-hotspot,not-hotspot,not-hotspot,not-hotspot,not-hotspot,not-hotspot,not-hotspot,not-hotspot,not-hotspot,not-hotspot,not-hotspot,not-hotspot,not-hotspot,not-hotspot,not-hotspot,not-hotspot,not-hotspot,not-hotspot,not-hotspot,not-hotspot,not-hotspot,not-hotspot,not-hotspot,not-hotspot,not-hotspot,not-hotspot,not-hotspot,not-hotspot,not-hotspot,not-hotspot,not-hotspot,not-hotspot,not-hotspot,not-hotspot,not-hotspot,not-hotspot,not-hotspot,not-hotspot,not-hotspot,not-hotspot,not-hotspot,not-hotspot,not-hotspot,not-hotspot,not-hotspot,not-hotspot,not-hotspot
Chon Buri,not-hotspot,not-hotspot,not-hotspot,not-hotspot,not-hotspot,not-hotspot,not-hotspot,not-hotspot,not-hotspot,not-hotspot,not-hotspot,not-hotspot,not-hotspot,not-hotspot,not-hotspot,not-hotspot,not-hotspot,not-hotspot,not-hotspot,not-hotspot,not-hotspot,not-hotspot,not-hotspot,not-hotspot,not-hotspot,not-hotspot,not-hotspot,not-hotspot,not-hotspot,not-hotspot,not-hotspot,not-hotspot,not-hotspot,not-hotspot,not-hotspot,not-hotspot,not-hotspot,not-hotspot,not-hotspot,not-hotspot,not-hotspot,not-hotspot,not-hotspot,not-hotspot,not-hotspot,not-hotspot,not-hotspot,not-hotspot,not-hotspot,not-hotspot,not-hotspot,not-hotspot,not-hotspot,not-hotspot,not-hotspot,not-hotspot,not-hotspot,not-hotspot,not-hotspot,not-hotspot,not-hotspot,not-hotspot,not-hotspot,not-hotspot,not-hotspot,not-hotspot,not-hotspot,not-hotspot,not-hotspot,not-hotspot,not-hotspot,not-hotspot,not-hotspot,not-hotspot,not-hotspot,not-hotspot,not-hotspot,not-hotspot,not-hotspot,not-hotspot,not-hotspot,not-hotspot,not-hotspot,not-hotspot,not-hotspot,not-hotspot,not-hotspot,not-hotspot,not-hotspot,not-hotspot,not-hotspot,not-hotspot,not-hotspot,not-hotspot,not-hotspot,not-hotspot,not-hotspot,not-hotspot,not-hotspot,not-hotspot,not-hotspot
Chumphon,not-hotspot,not-hotspot,not-hotspot,not-hotspot,not-hotspot,not-hotspot,not-hotspot,not-hotspot,not-hotspot,not-hotspot,not-hotspot,not-hotspot,not-hotspot,not-hotspot,not-hotspot,not-hotspot,not-hotspot,not-hotspot,not-hotspot,not-hotspot,not-hotspot,not-hotspot,not-hotspot,not-hotspot,not-hotspot,not-hotspot,not-hotspot,not-hotspot,not-hotspot,not-hotspot,not-hotspot,not-hotspot,not-hotspot,not-hotspot,not-hotspot,not-hotspot,not-hotspot,not-hotspot,not-hotspot,not-hotspot,not-hotspot,not-hotspot,not-hotspot,not-hotspot,not-hotspot,not-hotspot,not-hotspot,not-hotspot,not-hotspot,not-hotspot,not-hotspot,not-hotspot,not-hotspot,not-hotspot,not-hotspot,not-hotspot,not-hotspot,not-hotspot,not-hotspot,not-hotspot,not-hotspot,not-hotspot,not-hotspot,not-hotspot,not-hotspot,not-hotspot,not-hotspot,not-hotspot,not-hotspot,not-hotspot,not-hotspot,not-hotspot,not-hotspot,not-hotspot,not-hotspot,not-hotspot,not-hotspot,not-hotspot,not-hotspot,not-hotspot,not-hotspot,not-hotspot,not-hotspot,not-hotspot,not-hotspot,not-hotspot,not-hotspot,not-hotspot,not-hotspot,not-hotspot,not-hotspot,not-hotspot,not-hotspot,not-hotspot,not-hotspot,not-hotspot,not-hotspot,not-hotspot,not-hotspot,not-hotspot,not-hotspot
Kalasin,not-hotspot,not-hotspot,not-hotspot,not-hotspot,not-hotspot,not-hotspot,not-hotspot,not-hotspot,not-hotspot,not-hotspot,not-hotspot,not-hotspot,not-hotspot,not-hotspot,not-hotspot,not-hotspot,not-hotspot,not-hotspot,not-hotspot,not-hotspot,not-hotspot,not-hotspot,not-hotspot,not-hotspot,not-hotspot,not-hotspot,not-hotspot,not-hotspot,not-hotspot,not-hotspot,not-hotspot,not-hotspot,not-hotspot,not-hotspot,not-hotspot,not-hotspot,not-hotspot,not-hotspot,not-hotspot,not-hotspot,not-hotspot,not-hotspot,not-hotspot,not-hotspot,not-hotspot,not-hotspot,not-hotspot,not-hotspot,not-hotspot,not-hotspot,not-hotspot,not-hotspot,not-hotspot,not-hotspot,not-hotspot,not-hotspot,not-hotspot,not-hotspot,not-hotspot,not-hotspot,not-hotspot,not-hotspot,not-hotspot,not-hotspot,not-hotspot,not-hotspot,not-hotspot,not-hotspot,not-hotspot,not-hotspot,not-hotspot,not-hotspot,not-hotspot,not-hotspot,not-hotspot,not-hotspot,not-hotspot,not-hotspot,not-hotspot,not-hotspot,not-hotspot,not-hotspot,not-hotspot,not-hotspot,not-hotspot,not-hotspot,not-hotspot,not-hotspot,not-hotspot,not-hotspot,not-hotspot,not-hotspot,not-hotspot,not-hotspot,not-hotspot,not-hotspot,not-hotspot,not-hotspot,not-hotspot,not-hotspot,not-hotspot
Kamphaeng Phet,not-hotspot,not-hotspot,not-hotspot,not-hotspot,not-hotspot,not-hotspot,not-hotspot,not-hotspot,not-hotspot,not-hotspot,not-hotspot,not-hotspot,not-hotspot,not-hotspot,not-hotspot,not-hotspot,not-hotspot,not-hotspot,not-hotspot,not-hotspot,not-hotspot,not-hotspot,not-hotspot,not-hotspot,not-hotspot,not-hotspot,not-hotspot,not-hotspot,not-hotspot,not-hotspot,not-hotspot,not-hotspot,not-hotspot,not-hotspot,not-hotspot,not-hotspot,not-hotspot,not-hotspot,not-hotspot,not-hotspot,not-hotspot,not-hotspot,not-hotspot,not-hotspot,not-hotspot,not-hotspot,not-hotspot,not-hotspot,not-hotspot,not-hotspot,not-hotspot,not-hotspot,not-hotspot,not-hotspot,not-hotspot,not-hotspot,not-hotspot,not-hotspot,not-hotspot,not-hotspot,not-hotspot,not-hotspot,not-hotspot,not-hotspot,not-hotspot,not-hotspot,not-hotspot,not-hotspot,not-hotspot,not-hotspot,not-hotspot,not-hotspot,not-hotspot,not-hotspot,not-hotspot,not-hotspot,not-hotspot,not-hotspot,not-hotspot,not-hotspot,not-hotspot,not-hotspot,not-hotspot,not-hotspot,not-hotspot,not-hotspot,not-hotspot,not-hotspot,not-hotspot,not-hotspot,not-hotspot,not-hotspot,not-hotspot,not-hotspot,not-hotspot,not-hotspot,not-hotspot,not-hotspot,not-hotspot,not-hotspot,not-hotspot
Kanchanaburi,not-hotspot,not-hotspot,not-hotspot,not-hotspot,not-hotspot,not-hotspot,not-hotspot,not-hotspot,not-hotspot,not-hotspot,not-hotspot,not-hotspot,not-hotspot,not-hotspot,not-hotspot,not-hotspot,not-hotspot,not-hotspot,not-hotspot,not-hotspot,not-hotspot,not-hotspot,not-hotspot,not-hotspot,not-hotspot,not-hotspot,not-hotspot,not-hotspot,not-hotspot,not-hotspot,not-hotspot,not-hotspot,not-hotspot,not-hotspot,not-hotspot,not-hotspot,not-hotspot,not-hotspot,not-hotspot,not-hotspot,not-hotspot,not-hotspot,not-hotspot,not-hotspot,not-hotspot,not-hotspot,not-hotspot,not-hotspot,not-hotspot,not-hotspot,not-hotspot,not-hotspot,not-hotspot,not-hotspot,not-hotspot,not-hotspot,not-hotspot,not-hotspot,not-hotspot,not-hotspot,not-hotspot,not-hotspot,not-hotspot,not-hotspot,not-hotspot,not-hotspot,not-hotspot,not-hotspot,not-hotspot,not-hotspot,not-hotspot,not-hotspot,not-hotspot,not-hotspot,not-hotspot,not-hotspot,not-hotspot,not-hotspot,not-hotspot,not-hotspot,not-hotspot,not-hotspot,not-hotspot,not-hotspot,not-hotspot,not-hotspot,not-hotspot,not-hotspot,not-hotspot,not-hotspot,not-hotspot,not-hotspot,not-hotspot,not-hotspot,not-hotspot,not-hotspot,not-hotspot,not-hotspot,not-hotspot,not-hotspot,not-hotspot
Khon Kaen,hotspot,hotspot,not-hotspot,hotspot,hotspot,hotspot,hotspot,hotspot,hotspot,hotspot,hotspot,hotspot,hotspot,hotspot,hotspot,hotspot,hotspot,hotspot,hotspot,hotspot,hotspot,hotspot,hotspot,hotspot,hotspot,hotspot,hotspot,not-hotspot,hotspot,not-hotspot,hotspot,hotspot,hotspot,hotspot,hotspot,hotspot,hotspot,hotspot,hotspot,hotspot,hotspot,hotspot,hotspot,hotspot,hotspot,hotspot,hotspot,hotspot,hotspot,hotspot,hotspot,hotspot,hotspot,hotspot,hotspot,hotspot,hotspot,hotspot,hotspot,hotspot,hotspot,hotspot,hotspot,hotspot,hotspot,hotspot,hotspot,hotspot,hotspot,hotspot,hotspot,hotspot,hotspot,hotspot,hotspot,hotspot,hotspot,hotspot,hotspot,hotspot,hotspot,hotspot,hotspot,hotspot,hotspot,hotspot,hotspot,hotspot,hotspot,hotspot,not-hotspot,hotspot,hotspot,hotspot,hotspot,hotspot,hotspot,hotspot,hotspot,hotspot,hotspot
Krabi,not-hotspot,not-hotspot,not-hotspot,not-hotspot,not-hotspot,not-hotspot,not-hotspot,not-hotspot,not-hotspot,not-hotspot,not-hotspot,not-hotspot,not-hotspot,not-hotspot,not-hotspot,not-hotspot,not-hotspot,not-hotspot,not-hotspot,not-hotspot,not-hotspot,not-hotspot,not-hotspot,not-hotspot,not-hotspot,not-hotspot,not-hotspot,not-hotspot,not-hotspot,not-hotspot,not-hotspot,not-hotspot,not-hotspot,not-hotspot,not-hotspot,not-hotspot,not-hotspot,not-hotspot,not-hotspot,not-hotspot,not-hotspot,not-hotspot,not-hotspot,not-hotspot,not-hotspot,not-hotspot,not-hotspot,not-hotspot,not-hotspot,not-hotspot,not-hotspot,not-hotspot,not-hotspot,not-hotspot,not-hotspot,not-hotspot,not-hotspot,not-hotspot,not-hotspot,not-hotspot,not-hotspot,not-hotspot,not-hotspot,not-hotspot,not-hotspot,not-hotspot,not-hotspot,not-hotspot,not-hotspot,not-hotspot,not-hotspot,not-hotspot,not-hotspot,not-hotspot,not-hotspot,not-hotspot,not-hotspot,not-hotspot,not-hotspot,not-hotspot,not-hotspot,not-hotspot,not-hotspot,not-hotspot,not-hotspot,not-hotspot,not-hotspot,not-hotspot,not-hotspot,not-hotspot,not-hotspot,not-hotspot,not-hotspot,not-hotspot,not-hotspot,not-hotspot,not-hotspot,not-hotspot,not-hotspot,not-hotspot,not-hotspot
Lampang,not-hotspot,not-hotspot,not-hotspot,not-hotspot,not-hotspot,not-hotspot,not-hotspot,not-hotspot,not-hotspot,not-hotspot,not-hotspot,not-hotspot,not-hotspot,not-hotspot,not-hotspot,not-hotspot,not-hotspot,not-hotspot,not-hotspot,not-hotspot,not-hotspot,not-hotspot,not-hotspot,not-hotspot,not-hotspot,not-hotspot,not-hotspot,not-hotspot,not-hotspot,not-hotspot,not-hotspot,not-hotspot,not-hotspot,not-hotspot,not-hotspot,not-hotspot,not-hotspot,not-hotspot,not-hotspot,not-hotspot,not-hotspot,not-hotspot,not-hotspot,not-hotspot,not-hotspot,not-hotspot,not-hotspot,not-hotspot,not-hotspot,not-hotspot,not-hotspot,not-hotspot,not-hotspot,not-hotspot,not-hotspot,not-hotspot,not-hotspot,not-hotspot,not-hotspot,not-hotspot,not-hotspot,not-hotspot,not-hotspot,not-hotspot,not-hotspot,not-hotspot,not-hotspot,not-hotspot,not-hotspot,not-hotspot,not-hotspot,not-hotspot,not-hotspot,not-hotspot,not-hotspot,not-hotspot,not-hotspot,not-hotspot,not-hotspot,not-hotspot,not-hotspot,not-hotspot,not-hotspot,not-hotspot,not-hotspot,not-hotspot,not-hotspot,not-hotspot,not-hotspot,not-hotspot,not-hotspot,not-hotspot,not-hotspot,not-hotspot,not-hotspot,not-hotspot,not-hotspot,not-hotspot,not-hotspot,not-hotspot,not-hotspot
Lamphun,not-hotspot,not-hotspot,not-hotspot,not-hotspot,not-hotspot,not-hotspot,not-hotspot,not-hotspot,not-hotspot,not-hotspot,not-hotspot,not-hotspot,not-hotspot,not-hotspot,not-hotspot,not-hotspot,not-hotspot,not-hotspot,not-hotspot,not-hotspot,not-hotspot,not-hotspot,not-hotspot,not-hotspot,not-hotspot,not-hotspot,not-hotspot,not-hotspot,not-hotspot,not-hotspot,not-hotspot,not-hotspot,not-hotspot,not-hotspot,not-hotspot,not-hotspot,not-hotspot,not-hotspot,not-hotspot,not-hotspot,not-hotspot,not-hotspot,not-hotspot,not-hotspot,not-hotspot,not-hotspot,not-hotspot,not-hotspot,not-hotspot,not-hotspot,not-hotspot,not-hotspot,not-hotspot,not-hotspot,not-hotspot,not-hotspot,not-hotspot,not-hotspot,not-hotspot,not-hotspot,not-hotspot,not-hotspot,not-hotspot,not-hotspot,not-hotspot,not-hotspot,not-hotspot,not-hotspot,not-hotspot,not-hotspot,not-hotspot,not-hotspot,not-hotspot,not-hotspot,not-hotspot,not-hotspot,not-hotspot,not-hotspot,not-hotspot,not-hotspot,not-hotspot,not-hotspot,not-hotspot,not-hotspot,not-hotspot,not-hotspot,not-hotspot,not-hotspot,not-hotspot,not-hotspot,not-hotspot,not-hotspot,not-hotspot,not-hotspot,not-hotspot,not-hotspot,not-hotspot,not-hotspot,not-hotspot,not-hotspot,not-hotspot
Loei,not-hotspot,not-hotspot,not-hotspot,not-hotspot,not-hotspot,not-hotspot,not-hotspot,not-hotspot,not-hotspot,not-hotspot,not-hotspot,not-hotspot,not-hotspot,not-hotspot,not-hotspot,not-hotspot,not-hotspot,not-hotspot,not-hotspot,not-hotspot,not-hotspot,not-hotspot,not-hotspot,not-hotspot,not-hotspot,not-hotspot,not-hotspot,not-hotspot,not-hotspot,not-hotspot,not-hotspot,not-hotspot,not-hotspot,not-hotspot,not-hotspot,not-hotspot,not-hotspot,not-hotspot,not-hotspot,not-hotspot,not-hotspot,not-hotspot,not-hotspot,not-hotspot,not-hotspot,not-hotspot,not-hotspot,not-hotspot,not-hotspot,not-hotspot,not-hotspot,not-hotspot,not-hotspot,not-hotspot,not-hotspot,not-hotspot,not-hotspot,not-hotspot,not-hotspot,not-hotspot,not-hotspot,not-hotspot,not-hotspot,not-hotspot,not-hotspot,not-hotspot,not-hotspot,not-hotspot,not-hotspot,not-hotspot,not-hotspot,not-hotspot,not-hotspot,not-hotspot,not-hotspot,not-hotspot,not-hotspot,not-hotspot,not-hotspot,not-hotspot,not-hotspot,not-hotspot,not-hotspot,not-hotspot,not-hotspot,not-hotspot,not-hotspot,not-hotspot,not-hotspot,not-hotspot,not-hotspot,not-hotspot,not-hotspot,not-hotspot,not-hotspot,not-hotspot,not-hotspot,not-hotspot,not-hotspot,not-hotspot,not-hotspot
Lop Buri,not-hotspot,not-hotspot,not-hotspot,not-hotspot,not-hotspot,not-hotspot,not-hotspot,not-hotspot,not-hotspot,not-hotspot,not-hotspot,not-hotspot,not-hotspot,not-hotspot,not-hotspot,not-hotspot,not-hotspot,not-hotspot,not-hotspot,not-hotspot,not-hotspot,not-hotspot,not-hotspot,not-hotspot,not-hotspot,not-hotspot,not-hotspot,not-hotspot,not-hotspot,not-hotspot,not-hotspot,not-hotspot,not-hotspot,not-hotspot,not-hotspot,not-hotspot,not-hotspot,not-hotspot,not-hotspot,not-hotspot,not-hotspot,not-hotspot,not-hotspot,not-hotspot,not-hotspot,not-hotspot,not-hotspot,not-hotspot,not-hotspot,not-hotspot,not-hotspot,not-hotspot,not-hotspot,not-hotspot,not-hotspot,not-hotspot,not-hotspot,not-hotspot,not-hotspot,not-hotspot,not-hotspot,not-hotspot,not-hotspot,not-hotspot,not-hotspot,not-hotspot,not-hotspot,not-hotspot,not-hotspot,not-hotspot,not-hotspot,not-hotspot,not-hotspot,not-hotspot,not-hotspot,not-hotspot,not-hotspot,not-hotspot,not-hotspot,not-hotspot,not-hotspot,not-hotspot,not-hotspot,not-hotspot,not-hotspot,not-hotspot,not-hotspot,not-hotspot,not-hotspot,not-hotspot,not-hotspot,not-hotspot,not-hotspot,not-hotspot,not-hotspot,not-hotspot,not-hotspot,not-hotspot,not-hotspot,not-hotspot,not-hotspot
Mae Hong Son,not-hotspot,not-hotspot,not-hotspot,not-hotspot,not-hotspot,not-hotspot,not-hotspot,not-hotspot,not-hotspot,not-hotspot,not-hotspot,not-hotspot,not-hotspot,not-hotspot,not-hotspot,not-hotspot,not-hotspot,not-hotspot,not-hotspot,not-hotspot,not-hotspot,not-hotspot,not-hotspot,not-hotspot,not-hotspot,not-hotspot,not-hotspot,not-hotspot,not-hotspot,not-hotspot,not-hotspot,not-hotspot,not-hotspot,not-hotspot,not-hotspot,not-hotspot,not-hotspot,not-hotspot,not-hotspot,not-hotspot,not-hotspot,not-hotspot,not-hotspot,not-hotspot,not-hotspot,not-hotspot,not-hotspot,not-hotspot,not-hotspot,not-hotspot,not-hotspot,not-hotspot,not-hotspot,not-hotspot,not-hotspot,not-hotspot,not-hotspot,not-hotspot,not-hotspot,not-hotspot,not-hotspot,not-hotspot,not-hotspot,not-hotspot,not-hotspot,not-hotspot,not-hotspot,not-hotspot,not-hotspot,not-hotspot,not-hotspot,not-hotspot,not-hotspot,not-hotspot,not-hotspot,not-hotspot,not-hotspot,not-hotspot,not-hotspot,not-hotspot,not-hotspot,not-hotspot,not-hotspot,not-hotspot,not-hotspot,not-hotspot,not-hotspot,not-hotspot,not-hotspot,not-hotspot,not-hotspot,not-hotspot,not-hotspot,not-hotspot,not-hotspot,not-hotspot,not-hotspot,not-hotspot,not-hotspot,not-hotspot,not-hotspot
Maha Sarakham,not-hotspot,not-hotspot,not-hotspot,not-hotspot,not-hotspot,not-hotspot,not-hotspot,not-hotspot,not-hotspot,not-hotspot,not-hotspot,not-hotspot,not-hotspot,not-hotspot,not-hotspot,not-hotspot,not-hotspot,not-hotspot,not-hotspot,not-hotspot,not-hotspot,not-hotspot,not-hotspot,not-hotspot,not-hotspot,not-hotspot,not-hotspot,not-hotspot,not-hotspot,not-hotspot,not-hotspot,not-hotspot,not-hotspot,not-hotspot,not-hotspot,not-hotspot,not-hotspot,not-hotspot,not-hotspot,not-hotspot,not-hotspot,not-hotspot,not-hotspot,not-hotspot,not-hotspot,not-hotspot,not-hotspot,not-hotspot,not-hotspot,not-hotspot,not-hotspot,not-hotspot,not-hotspot,not-hotspot,not-hotspot,not-hotspot,not-hotspot,not-hotspot,not-hotspot,not-hotspot,not-hotspot,not-hotspot,not-hotspot,not-hotspot,not-hotspot,not-hotspot,not-hotspot,not-hotspot,not-hotspot,not-hotspot,not-hotspot,not-hotspot,not-hotspot,not-hotspot,not-hotspot,not-hotspot,not-hotspot,not-hotspot,not-hotspot,not-hotspot,not-hotspot,not-hotspot,not-hotspot,not-hotspot,not-hotspot,not-hotspot,not-hotspot,not-hotspot,not-hotspot,not-hotspot,not-hotspot,not-hotspot,not-hotspot,not-hotspot,not-hotspot,not-hotspot,not-hotspot,not-hotspot,not-hotspot,not-hotspot,not-hotspot
Mukdahan,not-hotspot,not-hotspot,not-hotspot,not-hotspot,not-hotspot,not-hotspot,not-hotspot,not-hotspot,not-hotspot,not-hotspot,not-hotspot,not-hotspot,not-hotspot,not-hotspot,not-hotspot,not-hotspot,not-hotspot,not-hotspot,not-hotspot,not-hotspot,not-hotspot,not-hotspot,not-hotspot,not-hotspot,not-hotspot,not-hotspot,not-hotspot,not-hotspot,not-hotspot,not-hotspot,not-hotspot,not-hotspot,not-hotspot,not-hotspot,not-hotspot,not-hotspot,not-hotspot,not-hotspot,not-hotspot,not-hotspot,not-hotspot,not-hotspot,not-hotspot,not-hotspot,not-hotspot,not-hotspot,not-hotspot,not-hotspot,not-hotspot,not-hotspot,not-hotspot,not-hotspot,not-hotspot,not-hotspot,not-hotspot,not-hotspot,not-hotspot,not-hotspot,not-hotspot,not-hotspot,not-hotspot,not-hotspot,not-hotspot,not-hotspot,not-hotspot,not-hotspot,not-hotspot,not-hotspot,not-hotspot,not-hotspot,not-hotspot,not-hotspot,not-hotspot,not-hotspot,not-hotspot,not-hotspot,not-hotspot,not-hotspot,not-hotspot,not-hotspot,not-hotspot,not-hotspot,not-hotspot,not-hotspot,not-hotspot,not-hotspot,not-hotspot,not-hotspot,not-hotspot,not-hotspot,not-hotspot,not-hotspot,not-hotspot,not-hotspot,not-hotspot,not-hotspot,not-hotspot,not-hotspot,not-hotspot,not-hotspot,not-hotspot
Nakhon Nayok,not-hotspot,not-hotspot,not-hotspot,not-hotspot,not-hotspot,not-hotspot,not-hotspot,not-hotspot,not-hotspot,not-hotspot,not-hotspot,not-hotspot,not-hotspot,not-hotspot,not-hotspot,not-hotspot,not-hotspot,not-hotspot,not-hotspot,not-hotspot,not-hotspot,not-hotspot,not-hotspot,not-hotspot,not-hotspot,not-hotspot,not-hotspot,not-hotspot,not-hotspot,not-hotspot,not-hotspot,not-hotspot,not-hotspot,not-hotspot,not-hotspot,not-hotspot,not-hotspot,not-hotspot,not-hotspot,not-hotspot,not-hotspot,not-hotspot,not-hotspot,not-hotspot,not-hotspot,not-hotspot,not-hotspot,not-hotspot,not-hotspot,not-hotspot,not-hotspot,not-hotspot,not-hotspot,not-hotspot,not-hotspot,not-hotspot,not-hotspot,not-hotspot,not-hotspot,not-hotspot,not-hotspot,not-hotspot,not-hotspot,not-hotspot,not-hotspot,not-hotspot,not-hotspot,not-hotspot,not-hotspot,not-hotspot,not-hotspot,not-hotspot,not-hotspot,not-hotspot,not-hotspot,not-hotspot,not-hotspot,not-hotspot,not-hotspot,not-hotspot,not-hotspot,not-hotspot,not-hotspot,not-hotspot,not-hotspot,not-hotspot,not-hotspot,not-hotspot,not-hotspot,not-hotspot,not-hotspot,not-hotspot,not-hotspot,not-hotspot,not-hotspot,not-hotspot,not-hotspot,not-hotspot,not-hotspot,not-hotspot,not-hotspot
Nakhon Pathom,not-hotspot,not-hotspot,not-hotspot,not-hotspot,not-hotspot,not-hotspot,not-hotspot,not-hotspot,not-hotspot,not-hotspot,not-hotspot,not-hotspot,not-hotspot,not-hotspot,not-hotspot,not-hotspot,not-hotspot,not-hotspot,not-hotspot,not-hotspot,not-hotspot,not-hotspot,not-hotspot,not-hotspot,not-hotspot,not-hotspot,not-hotspot,not-hotspot,not-hotspot,not-hotspot,not-hotspot,not-hotspot,not-hotspot,not-hotspot,not-hotspot,not-hotspot,not-hotspot,not-hotspot,not-hotspot,not-hotspot,not-hotspot,not-hotspot,not-hotspot,not-hotspot,not-hotspot,not-hotspot,not-hotspot,not-hotspot,not-hotspot,not-hotspot,not-hotspot,not-hotspot,not-hotspot,not-hotspot,not-hotspot,not-hotspot,not-hotspot,not-hotspot,not-hotspot,not-hotspot,not-hotspot,not-hotspot,not-hotspot,not-hotspot,not-hotspot,not-hotspot,not-hotspot,not-hotspot,not-hotspot,not-hotspot,not-hotspot,not-hotspot,not-hotspot,not-hotspot,not-hotspot,not-hotspot,not-hotspot,not-hotspot,not-hotspot,not-hotspot,not-hotspot,not-hotspot,not-hotspot,not-hotspot,not-hotspot,not-hotspot,not-hotspot,not-hotspot,not-hotspot,not-hotspot,not-hotspot,not-hotspot,not-hotspot,not-hotspot,not-hotspot,not-hotspot,not-hotspot,not-hotspot,not-hotspot,not-hotspot,not-hotspot
Nakhon Phanom,not-hotspot,not-hotspot,not-hotspot,not-hotspot,not-hotspot,not-hotspot,not-hotspot,not-hotspot,not-hotspot,not-hotspot,not-hotspot,not-hotspot,not-hotspot,not-hotspot,not-hotspot,not-hotspot,not-hotspot,not-hotspot,not-hotspot,not-hotspot,not-hotspot,not-hotspot,not-hotspot,not-hotspot,not-hotspot,not-hotspot,not-hotspot,not-hotspot,not-hotspot,not-hotspot,not-hotspot,not-hotspot,not-hotspot,not-hotspot,not-hotspot,not-hotspot,not-hotspot,not-hotspot,not-hotspot,not-hotspot,not-hotspot,not-hotspot,not-hotspot,not-hotspot,not-hotspot,not-hotspot,not-hotspot,not-hotspot,not-hotspot,not-hotspot,not-hotspot,not-hotspot,not-hotspot,not-hotspot,not-hotspot,not-hotspot,not-hotspot,not-hotspot,not-hotspot,not-hotspot,not-hotspot,not-hotspot,not-hotspot,not-hotspot,not-hotspot,not-hotspot,not-hotspot,not-hotspot,not-hotspot,not-hotspot,not-hotspot,not-hotspot,not-hotspot,not-hotspot,not-hotspot,not-hotspot,not-hotspot,not-hotspot,not-hotspot,not-hotspot,not-hotspot,not-hotspot,not-hotspot,not-hotspot,not-hotspot,not-hotspot,not-hotspot,not-hotspot,not-hotspot,not-hotspot,not-hotspot,not-hotspot,not-hotspot,not-hotspot,not-hotspot,not-hotspot,not-hotspot,not-hotspot,not-hotspot,not-hotspot,not-hotspot
Nakhon Ratchasima,not-hotspot,not-hotspot,not-hotspot,not-hotspot,not-hotspot,not-hotspot,not-hotspot,not-hotspot,not-hotspot,not-hotspot,not-hotspot,not-hotspot,not-hotspot,not-hotspot,not-hotspot,not-hotspot,not-hotspot,not-hotspot,not-hotspot,not-hotspot,not-hotspot,not-hotspot,not-hotspot,not-hotspot,not-hotspot,not-hotspot,not-hotspot,not-hotspot,not-hotspot,not-hotspot,not-hotspot,not-hotspot,not-hotspot,not-hotspot,not-hotspot,not-hotspot,not-hotspot,not-hotspot,not-hotspot,not-hotspot,not-hotspot,not-hotspot,not-hotspot,not-hotspot,not-hotspot,not-hotspot,not-hotspot,not-hotspot,not-hotspot,not-hotspot,not-hotspot,not-hotspot,not-hotspot,not-hotspot,not-hotspot,not-hotspot,not-hotspot,not-hotspot,not-hotspot,not-hotspot,not-hotspot,not-hotspot,not-hotspot,not-hotspot,not-hotspot,not-hotspot,not-hotspot,not-hotspot,not-hotspot,not-hotspot,not-hotspot,not-hotspot,not-hotspot,not-hotspot,not-hotspot,not-hotspot,not-hotspot,not-hotspot,not-hotspot,not-hotspot,not-hotspot,not-hotspot,not-hotspot,not-hotspot,not-hotspot,not-hotspot,not-hotspot,not-hotspot,not-hotspot,not-hotspot,not-hotspot,not-hotspot,not-hotspot,not-hotspot,not-hotspot,not-hotspot,not-hotspot,not-hotspot,not-hotspot,not-hotspot,not-hotspot
Nakhon Sawan,not-hotspot,not-hotspot,not-hotspot,not-hotspot,not-hotspot,not-hotspot,not-hotspot,not-hotspot,not-hotspot,not-hotspot,not-hotspot,not-hotspot,not-hotspot,not-hotspot,not-hotspot,not-hotspot,not-hotspot,not-hotspot,not-hotspot,not-hotspot,not-hotspot,not-hotspot,not-hotspot,not-hotspot,not-hotspot,not-hotspot,not-hotspot,not-hotspot,not-hotspot,not-hotspot,not-hotspot,not-hotspot,not-hotspot,not-hotspot,not-hotspot,not-hotspot,not-hotspot,not-hotspot,not-hotspot,not-hotspot,not-hotspot,not-hotspot,not-hotspot,not-hotspot,not-hotspot,not-hotspot,not-hotspot,not-hotspot,not-hotspot,not-hotspot,not-hotspot,not-hotspot,not-hotspot,not-hotspot,not-hotspot,not-hotspot,not-hotspot,not-hotspot,not-hotspot,not-hotspot,not-hotspot,not-hotspot,not-hotspot,not-hotspot,not-hotspot,not-hotspot,not-hotspot,not-hotspot,not-hotspot,not-hotspot,not-hotspot,not-hotspot,not-hotspot,not-hotspot,not-hotspot,not-hotspot,not-hotspot,not-hotspot,not-hotspot,not-hotspot,not-hotspot,not-hotspot,not-hotspot,not-hotspot,not-hotspot,not-hotspot,not-hotspot,not-hotspot,not-hotspot,not-hotspot,not-hotspot,not-hotspot,not-hotspot,not-hotspot,not-hotspot,not-hotspot,not-hotspot,not-hotspot,not-hotspot,not-hotspot,not-hotspot
Nakhon Si Thammarat,not-hotspot,not-hotspot,not-hotspot,not-hotspot,not-hotspot,not-hotspot,not-hotspot,not-hotspot,not-hotspot,not-hotspot,not-hotspot,not-hotspot,not-hotspot,not-hotspot,not-hotspot,not-hotspot,not-hotspot,not-hotspot,not-hotspot,not-hotspot,not-hotspot,not-hotspot,not-hotspot,not-hotspot,not-hotspot,not-hotspot,not-hotspot,not-hotspot,not-hotspot,not-hotspot,not-hotspot,not-hotspot,not-hotspot,not-hotspot,not-hotspot,not-hotspot,not-hotspot,not-hotspot,not-hotspot,not-hotspot,not-hotspot,not-hotspot,not-hotspot,not-hotspot,not-hotspot,not-hotspot,not-hotspot,not-hotspot,not-hotspot,not-hotspot,not-hotspot,not-hotspot,not-hotspot,not-hotspot,not-hotspot,not-hotspot,not-hotspot,not-hotspot,not-hotspot,not-hotspot,not-hotspot,not-hotspot,not-hotspot,not-hotspot,not-hotspot,not-hotspot,not-hotspot,not-hotspot,not-hotspot,not-hotspot,not-hotspot,not-hotspot,not-hotspot,not-hotspot,not-hotspot,not-hotspot,not-hotspot,not-hotspot,not-hotspot,not-hotspot,not-hotspot,not-hotspot,not-hotspot,not-hotspot,not-hotspot,not-hotspot,not-hotspot,not-hotspot,not-hotspot,not-hotspot,not-hotspot,not-hotspot,not-hotspot,not-hotspot,not-hotspot,not-hotspot,not-hotspot,not-hotspot,not-hotspot,not-hotspot,not-hotspot
Nan,not-hotspot,not-hotspot,not-hotspot,not-hotspot,not-hotspot,not-hotspot,not-hotspot,not-hotspot,not-hotspot,not-hotspot,not-hotspot,not-hotspot,not-hotspot,not-hotspot,not-hotspot,not-hotspot,not-hotspot,not-hotspot,not-hotspot,not-hotspot,not-hotspot,not-hotspot,not-hotspot,not-hotspot,not-hotspot,not-hotspot,not-hotspot,not-hotspot,not-hotspot,not-hotspot,not-hotspot,not-hotspot,not-hotspot,not-hotspot,not-hotspot,not-hotspot,not-hotspot,not-hotspot,not-hotspot,not-hotspot,not-hotspot,not-hotspot,not-hotspot,not-hotspot,not-hotspot,not-hotspot,not-hotspot,not-hotspot,not-hotspot,not-hotspot,not-hotspot,not-hotspot,not-hotspot,not-hotspot,not-hotspot,not-hotspot,not-hotspot,not-hotspot,not-hotspot,not-hotspot,not-hotspot,not-hotspot,not-hotspot,not-hotspot,not-hotspot,not-hotspot,not-hotspot,not-hotspot,not-hotspot,not-hotspot,not-hotspot,not-hotspot,not-hotspot,not-hotspot,not-hotspot,not-hotspot,not-hotspot,not-hotspot,not-hotspot,not-hotspot,not-hotspot,not-hotspot,not-hotspot,not-hotspot,not-hotspot,not-hotspot,not-hotspot,not-hotspot,not-hotspot,not-hotspot,not-hotspot,not-hotspot,not-hotspot,not-hotspot,not-hotspot,not-hotspot,not-hotspot,not-hotspot,not-hotspot,not-hotspot,not-hotspot
Narathiwat,not-hotspot,not-hotspot,not-hotspot,not-hotspot,not-hotspot,not-hotspot,not-hotspot,not-hotspot,not-hotspot,not-hotspot,not-hotspot,not-hotspot,not-hotspot,not-hotspot,not-hotspot,not-hotspot,not-hotspot,not-hotspot,not-hotspot,not-hotspot,not-hotspot,not-hotspot,not-hotspot,not-hotspot,not-hotspot,not-hotspot,not-hotspot,not-hotspot,not-hotspot,not-hotspot,not-hotspot,not-hotspot,not-hotspot,not-hotspot,not-hotspot,not-hotspot,not-hotspot,not-hotspot,not-hotspot,not-hotspot,not-hotspot,not-hotspot,not-hotspot,not-hotspot,not-hotspot,not-hotspot,not-hotspot,not-hotspot,not-hotspot,not-hotspot,not-hotspot,not-hotspot,not-hotspot,not-hotspot,not-hotspot,not-hotspot,not-hotspot,not-hotspot,not-hotspot,not-hotspot,not-hotspot,not-hotspot,not-hotspot,not-hotspot,not-hotspot,not-hotspot,not-hotspot,not-hotspot,not-hotspot,not-hotspot,not-hotspot,not-hotspot,not-hotspot,not-hotspot,not-hotspot,not-hotspot,not-hotspot,not-hotspot,not-hotspot,not-hotspot,not-hotspot,not-hotspot,not-hotspot,not-hotspot,not-hotspot,not-hotspot,not-hotspot,not-hotspot,not-hotspot,not-hotspot,not-hotspot,not-hotspot,not-hotspot,not-hotspot,not-hotspot,not-hotspot,not-hotspot,not-hotspot,not-hotspot,not-hotspot,not-hotspot
Nong Bua Lam Phu,not-hotspot,not-hotspot,not-hotspot,not-hotspot,not-hotspot,not-hotspot,not-hotspot,not-hotspot,not-hotspot,not-hotspot,not-hotspot,not-hotspot,not-hotspot,not-hotspot,not-hotspot,not-hotspot,not-hotspot,not-hotspot,not-hotspot,not-hotspot,not-hotspot,not-hotspot,not-hotspot,not-hotspot,not-hotspot,not-hotspot,not-hotspot,not-hotspot,not-hotspot,not-hotspot,not-hotspot,not-hotspot,not-hotspot,not-hotspot,not-hotspot,not-hotspot,not-hotspot,not-hotspot,not-hotspot,not-hotspot,not-hotspot,not-hotspot,not-hotspot,not-hotspot,not-hotspot,not-hotspot,not-hotspot,not-hotspot,not-hotspot,not-hotspot,not-hotspot,not-hotspot,not-hotspot,not-hotspot,not-hotspot,not-hotspot,not-hotspot,not-hotspot,not-hotspot,not-hotspot,not-hotspot,not-hotspot,not-hotspot,not-hotspot,not-hotspot,not-hotspot,not-hotspot,not-hotspot,not-hotspot,not-hotspot,not-hotspot,not-hotspot,not-hotspot,not-hotspot,not-hotspot,not-hotspot,not-hotspot,not-hotspot,not-hotspot,not-hotspot,not-hotspot,not-hotspot,not-hotspot,not-hotspot,not-hotspot,not-hotspot,not-hotspot,not-hotspot,not-hotspot,not-hotspot,not-hotspot,not-hotspot,not-hotspot,not-hotspot,not-hotspot,not-hotspot,not-hotspot,not-hotspot,not-hotspot,not-hotspot,not-hotspot
Nong Khai,not-hotspot,not-hotspot,not-hotspot,not-hotspot,not-hotspot,not-hotspot,not-hotspot,not-hotspot,not-hotspot,not-hotspot,not-hotspot,not-hotspot,not-hotspot,not-hotspot,not-hotspot,not-hotspot,not-hotspot,not-hotspot,not-hotspot,not-hotspot,not-hotspot,not-hotspot,not-hotspot,not-hotspot,not-hotspot,not-hotspot,not-hotspot,not-hotspot,not-hotspot,not-hotspot,not-hotspot,not-hotspot,not-hotspot,not-hotspot,not-hotspot,not-hotspot,not-hotspot,not-hotspot,not-hotspot,not-hotspot,not-hotspot,not-hotspot,not-hotspot,not-hotspot,not-hotspot,not-hotspot,not-hotspot,not-hotspot,not-hotspot,not-hotspot,not-hotspot,not-hotspot,not-hotspot,not-hotspot,not-hotspot,not-hotspot,not-hotspot,not-hotspot,not-hotspot,not-hotspot,not-hotspot,not-hotspot,not-hotspot,not-hotspot,not-hotspot,not-hotspot,not-hotspot,not-hotspot,not-hotspot,not-hotspot,not-hotspot,not-hotspot,not-hotspot,not-hotspot,not-hotspot,not-hotspot,not-hotspot,not-hotspot,not-hotspot,not-hotspot,not-hotspot,not-hotspot,not-hotspot,not-hotspot,not-hotspot,not-hotspot,not-hotspot,not-hotspot,not-hotspot,not-hotspot,not-hotspot,not-hotspot,not-hotspot,not-hotspot,not-hotspot,not-hotspot,not-hotspot,not-hotspot,not-hotspot,not-hotspot,not-hotspot
Nonthaburi,not-hotspot,not-hotspot,not-hotspot,not-hotspot,not-hotspot,not-hotspot,not-hotspot,not-hotspot,not-hotspot,not-hotspot,not-hotspot,not-hotspot,not-hotspot,not-hotspot,not-hotspot,not-hotspot,not-hotspot,not-hotspot,not-hotspot,not-hotspot,not-hotspot,not-hotspot,not-hotspot,not-hotspot,not-hotspot,not-hotspot,not-hotspot,not-hotspot,not-hotspot,not-hotspot,not-hotspot,not-hotspot,not-hotspot,not-hotspot,not-hotspot,not-hotspot,not-hotspot,not-hotspot,not-hotspot,not-hotspot,not-hotspot,not-hotspot,not-hotspot,not-hotspot,not-hotspot,not-hotspot,not-hotspot,not-hotspot,not-hotspot,not-hotspot,not-hotspot,not-hotspot,not-hotspot,not-hotspot,not-hotspot,not-hotspot,not-hotspot,not-hotspot,not-hotspot,not-hotspot,not-hotspot,not-hotspot,not-hotspot,not-hotspot,not-hotspot,not-hotspot,not-hotspot,not-hotspot,not-hotspot,not-hotspot,not-hotspot,not-hotspot,not-hotspot,not-hotspot,not-hotspot,not-hotspot,not-hotspot,not-hotspot,not-hotspot,not-hotspot,not-hotspot,not-hotspot,not-hotspot,not-hotspot,not-hotspot,not-hotspot,not-hotspot,not-hotspot,not-hotspot,not-hotspot,not-hotspot,not-hotspot,not-hotspot,not-hotspot,not-hotspot,not-hotspot,not-hotspot,not-hotspot,not-hotspot,not-hotspot,not-hotspot
Pathum Thani,not-hotspot,not-hotspot,not-hotspot,not-hotspot,not-hotspot,not-hotspot,not-hotspot,not-hotspot,not-hotspot,not-hotspot,not-hotspot,not-hotspot,not-hotspot,not-hotspot,not-hotspot,not-hotspot,not-hotspot,not-hotspot,not-hotspot,not-hotspot,not-hotspot,not-hotspot,not-hotspot,not-hotspot,not-hotspot,not-hotspot,not-hotspot,not-hotspot,not-hotspot,not-hotspot,not-hotspot,not-hotspot,not-hotspot,not-hotspot,not-hotspot,not-hotspot,not-hotspot,not-hotspot,not-hotspot,not-hotspot,not-hotspot,not-hotspot,not-hotspot,not-hotspot,not-hotspot,not-hotspot,not-hotspot,not-hotspot,not-hotspot,not-hotspot,not-hotspot,not-hotspot,not-hotspot,not-hotspot,not-hotspot,not-hotspot,not-hotspot,not-hotspot,not-hotspot,not-hotspot,not-hotspot,not-hotspot,not-hotspot,not-hotspot,not-hotspot,not-hotspot,not-hotspot,not-hotspot,not-hotspot,not-hotspot,not-hotspot,not-hotspot,not-hotspot,not-hotspot,not-hotspot,not-hotspot,not-hotspot,not-hotspot,not-hotspot,not-hotspot,not-hotspot,not-hotspot,not-hotspot,not-hotspot,not-hotspot,not-hotspot,not-hotspot,not-hotspot,not-hotspot,not-hotspot,not-hotspot,not-hotspot,not-hotspot,not-hotspot,not-hotspot,not-hotspot,not-hotspot,not-hotspot,not-hotspot,not-hotspot,not-hotspot
Pattani,not-hotspot,not-hotspot,not-hotspot,not-hotspot,not-hotspot,not-hotspot,not-hotspot,not-hotspot,not-hotspot,not-hotspot,not-hotspot,not-hotspot,not-hotspot,not-hotspot,not-hotspot,not-hotspot,not-hotspot,not-hotspot,not-hotspot,not-hotspot,not-hotspot,not-hotspot,not-hotspot,not-hotspot,not-hotspot,not-hotspot,not-hotspot,not-hotspot,not-hotspot,not-hotspot,not-hotspot,not-hotspot,not-hotspot,not-hotspot,not-hotspot,not-hotspot,not-hotspot,not-hotspot,not-hotspot,not-hotspot,not-hotspot,not-hotspot,not-hotspot,not-hotspot,not-hotspot,not-hotspot,not-hotspot,not-hotspot,not-hotspot,not-hotspot,not-hotspot,not-hotspot,not-hotspot,not-hotspot,not-hotspot,not-hotspot,not-hotspot,not-hotspot,not-hotspot,not-hotspot,not-hotspot,not-hotspot,not-hotspot,not-hotspot,not-hotspot,not-hotspot,not-hotspot,not-hotspot,not-hotspot,not-hotspot,not-hotspot,not-hotspot,not-hotspot,not-hotspot,not-hotspot,not-hotspot,not-hotspot,not-hotspot,not-hotspot,not-hotspot,not-hotspot,not-hotspot,not-hotspot,not-hotspot,not-hotspot,not-hotspot,not-hotspot,not-hotspot,not-hotspot,not-hotspot,not-hotspot,not-hotspot,not-hotspot,not-hotspot,not-hotspot,not-hotspot,not-hotspot,not-hotspot,not-hotspot,not-hotspot,not-hotspot
Phangnga,not-hotspot,not-hotspot,not-hotspot,not-hotspot,not-hotspot,not-hotspot,not-hotspot,not-hotspot,not-hotspot,not-hotspot,not-hotspot,not-hotspot,not-hotspot,not-hotspot,not-hotspot,not-hotspot,not-hotspot,not-hotspot,not-hotspot,not-hotspot,not-hotspot,not-hotspot,not-hotspot,not-hotspot,not-hotspot,not-hotspot,not-hotspot,not-hotspot,not-hotspot,not-hotspot,not-hotspot,not-hotspot,not-hotspot,not-hotspot,not-hotspot,not-hotspot,not-hotspot,not-hotspot,not-hotspot,not-hotspot,not-hotspot,not-hotspot,not-hotspot,not-hotspot,not-hotspot,not-hotspot,not-hotspot,not-hotspot,not-hotspot,not-hotspot,not-hotspot,not-hotspot,not-hotspot,not-hotspot,not-hotspot,not-hotspot,not-hotspot,not-hotspot,not-hotspot,not-hotspot,not-hotspot,not-hotspot,not-hotspot,not-hotspot,not-hotspot,not-hotspot,not-hotspot,not-hotspot,not-hotspot,not-hotspot,not-hotspot,not-hotspot,not-hotspot,not-hotspot,not-hotspot,not-hotspot,not-hotspot,not-hotspot,not-hotspot,not-hotspot,not-hotspot,not-hotspot,not-hotspot,not-hotspot,not-hotspot,not-hotspot,not-hotspot,not-hotspot,not-hotspot,not-hotspot,not-hotspot,not-hotspot,not-hotspot,not-hotspot,not-hotspot,not-hotspot,not-hotspot,not-hotspot,not-hotspot,not-hotspot,not-hotspot
Phatthalung,not-hotspot,not-hotspot,not-hotspot,not-hotspot,not-hotspot,not-hotspot,not-hotspot,not-hotspot,not-hotspot,not-hotspot,not-hotspot,not-hotspot,not-hotspot,not-hotspot,not-hotspot,not-hotspot,not-hotspot,not-hotspot,not-hotspot,not-hotspot,not-hotspot,not-hotspot,not-hotspot,not-hotspot,not-hotspot,not-hotspot,not-hotspot,not-hotspot,not-hotspot,not-hotspot,not-hotspot,not-hotspot,not-hotspot,not-hotspot,not-hotspot,not-hotspot,not-hotspot,not-hotspot,not-hotspot,not-hotspot,not-hotspot,not-hotspot,not-hotspot,not-hotspot,not-hotspot,not-hotspot,not-hotspot,not-hotspot,not-hotspot,not-hotspot,not-hotspot,not-hotspot,not-hotspot,not-hotspot,not-hotspot,not-hotspot,not-hotspot,not-hotspot,not-hotspot,not-hotspot,not-hotspot,not-hotspot,not-hotspot,not-hotspot,not-hotspot,not-hotspot,not-hotspot,not-hotspot,not-hotspot,not-hotspot,not-hotspot,not-hotspot,not-hotspot,not-hotspot,not-hotspot,not-hotspot,not-hotspot,not-hotspot,not-hotspot,not-hotspot,not-hotspot,not-hotspot,not-hotspot,not-hotspot,not-hotspot,not-hotspot,not-hotspot,not-hotspot,not-hotspot,not-hotspot,not-hotspot,not-hotspot,not-hotspot,not-hotspot,not-hotspot,not-hotspot,not-hotspot,not-hotspot,not-hotspot,not-hotspot,not-hotspot
Phayao,not-hotspot,not-hotspot,not-hotspot,not-hotspot,not-hotspot,not-hotspot,not-hotspot,not-hotspot,not-hotspot,not-hotspot,not-hotspot,not-hotspot,not-hotspot,not-hotspot,not-hotspot,not-hotspot,not-hotspot,not-hotspot,not-hotspot,not-hotspot,not-hotspot,not-hotspot,not-hotspot,not-hotspot,not-hotspot,not-hotspot,not-hotspot,not-hotspot,not-hotspot,not-hotspot,not-hotspot,not-hotspot,not-hotspot,not-hotspot,not-hotspot,not-hotspot,not-hotspot,not-hotspot,not-hotspot,not-hotspot,not-hotspot,not-hotspot,not-hotspot,not-hotspot,not-hotspot,not-hotspot,not-hotspot,not-hotspot,not-hotspot,not-hotspot,not-hotspot,not-hotspot,not-hotspot,not-hotspot,not-hotspot,not-hotspot,not-hotspot,not-hotspot,not-hotspot,not-hotspot,not-hotspot,not-hotspot,not-hotspot,not-hotspot,not-hotspot,not-hotspot,not-hotspot,not-hotspot,not-hotspot,not-hotspot,not-hotspot,not-hotspot,not-hotspot,not-hotspot,not-hotspot,not-hotspot,not-hotspot,not-hotspot,not-hotspot,not-hotspot,not-hotspot,not-hotspot,not-hotspot,not-hotspot,not-hotspot,not-hotspot,not-hotspot,not-hotspot,not-hotspot,not-hotspot,not-hotspot,not-hotspot,not-hotspot,not-hotspot,not-hotspot,not-hotspot,not-hotspot,not-hotspot,not-hotspot,not-hotspot,not-hotspot
Phetchabun,not-hotspot,not-hotspot,not-hotspot,not-hotspot,not-hotspot,not-hotspot,not-hotspot,not-hotspot,not-hotspot,not-hotspot,not-hotspot,not-hotspot,not-hotspot,not-hotspot,not-hotspot,not-hotspot,not-hotspot,not-hotspot,not-hotspot,not-hotspot,not-hotspot,not-hotspot,not-hotspot,not-hotspot,not-hotspot,not-hotspot,not-hotspot,not-hotspot,not-hotspot,not-hotspot,not-hotspot,not-hotspot,not-hotspot,not-hotspot,not-hotspot,not-hotspot,not-hotspot,not-hotspot,not-hotspot,not-hotspot,not-hotspot,not-hotspot,not-hotspot,not-hotspot,not-hotspot,not-hotspot,not-hotspot,not-hotspot,not-hotspot,not-hotspot,not-hotspot,not-hotspot,not-hotspot,not-hotspot,not-hotspot,not-hotspot,not-hotspot,not-hotspot,not-hotspot,not-hotspot,not-hotspot,not-hotspot,not-hotspot,not-hotspot,not-hotspot,not-hotspot,not-hotspot,not-hotspot,not-hotspot,not-hotspot,not-hotspot,not-hotspot,not-hotspot,not-hotspot,not-hotspot,not-hotspot,not-hotspot,not-hotspot,not-hotspot,not-hotspot,not-hotspot,not-hotspot,not-hotspot,not-hotspot,not-hotspot,not-hotspot,not-hotspot,not-hotspot,not-hotspot,not-hotspot,not-hotspot,not-hotspot,not-hotspot,not-hotspot,not-hotspot,not-hotspot,not-hotspot,not-hotspot,not-hotspot,not-hotspot,not-hotspot
Phetchaburi,not-hotspot,not-hotspot,not-hotspot,not-hotspot,not-hotspot,not-hotspot,not-hotspot,not-hotspot,not-hotspot,not-hotspot,not-hotspot,not-hotspot,not-hotspot,not-hotspot,not-hotspot,not-hotspot,not-hotspot,not-hotspot,not-hotspot,not-hotspot,not-hotspot,not-hotspot,not-hotspot,not-hotspot,not-hotspot,not-hotspot,not-hotspot,not-hotspot,not-hotspot,not-hotspot,not-hotspot,not-hotspot,not-hotspot,not-hotspot,not-hotspot,not-hotspot,not-hotspot,not-hotspot,not-hotspot,not-hotspot,not-hotspot,not-hotspot,not-hotspot,not-hotspot,not-hotspot,not-hotspot,not-hotspot,not-hotspot,not-hotspot,not-hotspot,not-hotspot,not-hotspot,not-hotspot,not-hotspot,not-hotspot,not-hotspot,not-hotspot,not-hotspot,not-hotspot,not-hotspot,not-hotspot,not-hotspot,not-hotspot,not-hotspot,not-hotspot,not-hotspot,not-hotspot,not-hotspot,not-hotspot,not-hotspot,not-hotspot,not-hotspot,not-hotspot,not-hotspot,not-hotspot,not-hotspot,not-hotspot,not-hotspot,not-hotspot,not-hotspot,not-hotspot,not-hotspot,not-hotspot,not-hotspot,not-hotspot,not-hotspot,not-hotspot,not-hotspot,not-hotspot,not-hotspot,not-hotspot,not-hotspot,not-hotspot,not-hotspot,not-hotspot,not-hotspot,not-hotspot,not-hotspot,not-hotspot,not-hotspot,not-hotspot
Phichit,not-hotspot,not-hotspot,not-hotspot,not-hotspot,not-hotspot,not-hotspot,not-hotspot,not-hotspot,not-hotspot,not-hotspot,not-hotspot,not-hotspot,not-hotspot,not-hotspot,not-hotspot,not-hotspot,not-hotspot,not-hotspot,not-hotspot,not-hotspot,not-hotspot,not-hotspot,not-hotspot,not-hotspot,not-hotspot,not-hotspot,not-hotspot,not-hotspot,not-hotspot,not-hotspot,not-hotspot,not-hotspot,not-hotspot,not-hotspot,not-hotspot,not-hotspot,not-hotspot,not-hotspot,not-hotspot,not-hotspot,not-hotspot,not-hotspot,not-hotspot,not-hotspot,not-hotspot,not-hotspot,not-hotspot,not-hotspot,not-hotspot,not-hotspot,not-hotspot,not-hotspot,not-hotspot,not-hotspot,not-hotspot,not-hotspot,not-hotspot,not-hotspot,not-hotspot,not-hotspot,not-hotspot,not-hotspot,not-hotspot,not-hotspot,not-hotspot,not-hotspot,not-hotspot,not-hotspot,not-hotspot,not-hotspot,not-hotspot,not-hotspot,not-hotspot,not-hotspot,not-hotspot,not-hotspot,not-hotspot,not-hotspot,not-hotspot,not-hotspot,not-hotspot,not-hotspot,not-hotspot,not-hotspot,not-hotspot,not-hotspot,not-hotspot,not-hotspot,not-hotspot,not-hotspot,not-hotspot,not-hotspot,not-hotspot,not-hotspot,not-hotspot,not-hotspot,not-hotspot,not-hotspot,not-hotspot,not-hotspot,not-hotspot
Phitsanulok,not-hotspot,not-hotspot,not-hotspot,not-hotspot,not-hotspot,not-hotspot,not-hotspot,not-hotspot,not-hotspot,not-hotspot,not-hotspot,not-hotspot,not-hotspot,not-hotspot,not-hotspot,not-hotspot,not-hotspot,not-hotspot,not-hotspot,not-hotspot,not-hotspot,not-hotspot,not-hotspot,not-hotspot,not-hotspot,not-hotspot,not-hotspot,not-hotspot,not-hotspot,not-hotspot,not-hotspot,not-hotspot,not-hotspot,not-hotspot,not-hotspot,not-hotspot,not-hotspot,not-hotspot,not-hotspot,not-hotspot,not-hotspot,not-hotspot,not-hotspot,not-hotspot,not-hotspot,not-hotspot,not-hotspot,not-hotspot,not-hotspot,not-hotspot,not-hotspot,not-hotspot,not-hotspot,not-hotspot,not-hotspot,not-hotspot,not-hotspot,not-hotspot,not-hotspot,not-hotspot,not-hotspot,not-hotspot,not-hotspot,not-hotspot,not-hotspot,not-hotspot,not-hotspot,not-hotspot,not-hotspot,not-hotspot,not-hotspot,not-hotspot,not-hotspot,not-hotspot,not-hotspot,not-hotspot,not-hotspot,not-hotspot,not-hotspot,not-hotspot,not-hotspot,not-hotspot,not-hotspot,not-hotspot,not-hotspot,not-hotspot,not-hotspot,not-hotspot,not-hotspot,not-hotspot,not-hotspot,not-hotspot,not-hotspot,not-hotspot,not-hotspot,not-hotspot,not-hotspot,not-hotspot,not-hotspot,not-hotspot,not-hotspot
Phra Nakhon Si Ayutthaya,not-hotspot,not-hotspot,not-hotspot,not-hotspot,not-hotspot,not-hotspot,not-hotspot,not-hotspot,not-hotspot,not-hotspot,not-hotspot,not-hotspot,not-hotspot,not-hotspot,not-hotspot,not-hotspot,not-hotspot,not-hotspot,not-hotspot,not-hotspot,not-hotspot,not-hotspot,not-hotspot,not-hotspot,not-hotspot,not-hotspot,not-hotspot,not-hotspot,not-hotspot,not-hotspot,not-hotspot,not-hotspot,not-hotspot,not-hotspot,not-hotspot,not-hotspot,not-hotspot,not-hotspot,not-hotspot,not-hotspot,not-hotspot,not-hotspot,not-hotspot,not-hotspot,not-hotspot,not-hotspot,not-hotspot,not-hotspot,not-hotspot,not-hotspot,not-hotspot,not-hotspot,not-hotspot,not-hotspot,not-hotspot,not-hotspot,not-hotspot,not-hotspot,not-hotspot,not-hotspot,not-hotspot,not-hotspot,not-hotspot,not-hotspot,not-hotspot,not-hotspot,not-hotspot,not-hotspot,not-hotspot,not-hotspot,not-hotspot,not-hotspot,not-hotspot,not-hotspot,not-hotspot,not-hotspot,not-hotspot,not-hotspot,not-hotspot,not-hotspot,not-hotspot,not-hotspot,not-hotspot,not-hotspot,not-hotspot,not-hotspot,not-hotspot,not-hotspot,not-hotspot,not-hotspot,not-hotspot,not-hotspot,not-hotspot,not-hotspot,not-hotspot,not-hotspot,not-hotspot,not-hotspot,not-hotspot,not-hotspot,not-hotspot
Phrae,not-hotspot,not-hotspot,not-hotspot,not-hotspot,not-hotspot,not-hotspot,not-hotspot,not-hotspot,not-hotspot,not-hotspot,not-hotspot,not-hotspot,not-hotspot,not-hotspot,not-hotspot,not-hotspot,not-hotspot,not-hotspot,not-hotspot,not-hotspot,not-hotspot,not-hotspot,not-hotspot,not-hotspot,not-hotspot,not-hotspot,not-hotspot,not-hotspot,not-hotspot,not-hotspot,not-hotspot,not-hotspot,not-hotspot,not-hotspot,not-hotspot,not-hotspot,not-hotspot,not-hotspot,not-hotspot,not-hotspot,not-hotspot,not-hotspot,not-hotspot,not-hotspot,not-hotspot,not-hotspot,not-hotspot,not-hotspot,not-hotspot,not-hotspot,not-hotspot,not-hotspot,not-hotspot,not-hotspot,not-hotspot,not-hotspot,not-hotspot,not-hotspot,not-hotspot,not-hotspot,not-hotspot,not-hotspot,not-hotspot,not-hotspot,not-hotspot,not-hotspot,not-hotspot,not-hotspot,not-hotspot,not-hotspot,not-hotspot,not-hotspot,not-hotspot,not-hotspot,not-hotspot,not-hotspot,not-hotspot,not-hotspot,not-hotspot,not-hotspot,not-hotspot,not-hotspot,not-hotspot,not-hotspot,not-hotspot,not-hotspot,not-hotspot,not-hotspot,not-hotspot,not-hotspot,not-hotspot,not-hotspot,not-hotspot,not-hotspot,not-hotspot,not-hotspot,not-hotspot,not-hotspot,not-hotspot,not-hotspot,not-hotspot
Phuket,not-hotspot,not-hotspot,not-hotspot,not-hotspot,not-hotspot,not-hotspot,not-hotspot,not-hotspot,not-hotspot,not-hotspot,not-hotspot,not-hotspot,not-hotspot,not-hotspot,not-hotspot,not-hotspot,not-hotspot,not-hotspot,not-hotspot,not-hotspot,not-hotspot,not-hotspot,not-hotspot,not-hotspot,not-hotspot,not-hotspot,not-hotspot,not-hotspot,not-hotspot,not-hotspot,not-hotspot,not-hotspot,not-hotspot,not-hotspot,not-hotspot,not-hotspot,not-hotspot,not-hotspot,not-hotspot,not-hotspot,not-hotspot,not-hotspot,not-hotspot,not-hotspot,not-hotspot,not-hotspot,not-hotspot,not-hotspot,not-hotspot,not-hotspot,not-hotspot,not-hotspot,not-hotspot,not-hotspot,not-hotspot,not-hotspot,not-hotspot,not-hotspot,not-hotspot,not-hotspot,not-hotspot,not-hotspot,not-hotspot,not-hotspot,not-hotspot,not-hotspot,not-hotspot,not-hotspot,not-hotspot,not-hotspot,not-hotspot,not-hotspot,not-hotspot,not-hotspot,not-hotspot,not-hotspot,not-hotspot,not-hotspot,not-hotspot,not-hotspot,not-hotspot,not-hotspot,not-hotspot,not-hotspot,not-hotspot,not-hotspot,not-hotspot,not-hotspot,not-hotspot,not-hotspot,not-hotspot,not-hotspot,not-hotspot,not-hotspot,not-hotspot,not-hotspot,not-hotspot,not-hotspot,not-hotspot,not-hotspot,not-hotspot
Prachin Buri,not-hotspot,not-hotspot,not-hotspot,not-hotspot,not-hotspot,not-hotspot,not-hotspot,not-hotspot,not-hotspot,not-hotspot,not-hotspot,not-hotspot,not-hotspot,not-hotspot,not-hotspot,not-hotspot,not-hotspot,not-hotspot,not-hotspot,not-hotspot,not-hotspot,not-hotspot,not-hotspot,not-hotspot,not-hotspot,not-hotspot,not-hotspot,not-hotspot,not-hotspot,not-hotspot,not-hotspot,not-hotspot,not-hotspot,not-hotspot,not-hotspot,not-hotspot,not-hotspot,not-hotspot,not-hotspot,not-hotspot,not-hotspot,not-hotspot,not-hotspot,not-hotspot,not-hotspot,not-hotspot,not-hotspot,not-hotspot,not-hotspot,not-hotspot,not-hotspot,not-hotspot,not-hotspot,not-hotspot,not-hotspot,not-hotspot,not-hotspot,not-hotspot,not-hotspot,not-hotspot,not-hotspot,not-hotspot,not-hotspot,not-hotspot,not-hotspot,not-hotspot,not-hotspot,not-hotspot,not-hotspot,not-hotspot,not-hotspot,not-hotspot,not-hotspot,not-hotspot,not-hotspot,not-hotspot,not-hotspot,not-hotspot,not-hotspot,not-hotspot,not-hotspot,not-hotspot,not-hotspot,not-hotspot,not-hotspot,not-hotspot,not-hotspot,not-hotspot,not-hotspot,not-hotspot,not-hotspot,not-hotspot,not-hotspot,not-hotspot,not-hotspot,not-hotspot,not-hotspot,not-hotspot,not-hotspot,not-hotspot,not-hotspot
Prachuap Khiri Khan,not-hotspot,not-hotspot,not-hotspot,not-hotspot,not-hotspot,not-hotspot,not-hotspot,not-hotspot,not-hotspot,not-hotspot,not-hotspot,not-hotspot,not-hotspot,not-hotspot,not-hotspot,not-hotspot,not-hotspot,not-hotspot,not-hotspot,not-hotspot,not-hotspot,not-hotspot,not-hotspot,not-hotspot,not-hotspot,not-hotspot,not-hotspot,not-hotspot,not-hotspot,not-hotspot,not-hotspot,not-hotspot,not-hotspot,not-hotspot,not-hotspot,not-hotspot,not-hotspot,not-hotspot,not-hotspot,not-hotspot,not-hotspot,not-hotspot,not-hotspot,not-hotspot,not-hotspot,not-hotspot,not-hotspot,not-hotspot,not-hotspot,not-hotspot,not-hotspot,not-hotspot,not-hotspot,not-hotspot,not-hotspot,not-hotspot,not-hotspot,not-hotspot,not-hotspot,not-hotspot,not-hotspot,not-hotspot,not-hotspot,not-hotspot,not-hotspot,not-hotspot,not-hotspot,not-hotspot,not-hotspot,not-hotspot,not-hotspot,not-hotspot,not-hotspot,not-hotspot,not-hotspot,not-hotspot,not-hotspot,not-hotspot,not-hotspot,not-hotspot,not-hotspot,not-hotspot,not-hotspot,not-hotspot,not-hotspot,not-hotspot,not-hotspot,not-hotspot,not-hotspot,not-hotspot,not-hotspot,not-hotspot,not-hotspot,not-hotspot,not-hotspot,not-hotspot,not-hotspot,not-hotspot,not-hotspot,not-hotspot,not-hotspot
Ranong,not-hotspot,not-hotspot,not-hotspot,not-hotspot,not-hotspot,not-hotspot,not-hotspot,not-hotspot,not-hotspot,not-hotspot,not-hotspot,not-hotspot,not-hotspot,not-hotspot,not-hotspot,not-hotspot,not-hotspot,not-hotspot,not-hotspot,not-hotspot,not-hotspot,not-hotspot,not-hotspot,not-hotspot,not-hotspot,not-hotspot,not-hotspot,not-hotspot,not-hotspot,not-hotspot,not-hotspot,not-hotspot,not-hotspot,not-hotspot,not-hotspot,not-hotspot,not-hotspot,not-hotspot,not-hotspot,not-hotspot,not-hotspot,not-hotspot,not-hotspot,not-hotspot,not-hotspot,not-hotspot,not-hotspot,not-hotspot,not-hotspot,not-hotspot,not-hotspot,not-hotspot,not-hotspot,not-hotspot,not-hotspot,not-hotspot,not-hotspot,not-hotspot,not-hotspot,not-hotspot,not-hotspot,not-hotspot,not-hotspot,not-hotspot,not-hotspot,not-hotspot,not-hotspot,not-hotspot,not-hotspot,not-hotspot,not-hotspot,not-hotspot,not-hotspot,not-hotspot,not-hotspot,not-hotspot,not-hotspot,not-hotspot,not-hotspot,not-hotspot,not-hotspot,not-hotspot,not-hotspot,not-hotspot,not-hotspot,not-hotspot,not-hotspot,not-hotspot,not-hotspot,not-hotspot,not-hotspot,not-hotspot,not-hotspot,not-hotspot,not-hotspot,not-hotspot,not-hotspot,not-hotspot,not-hotspot,not-hotspot,not-hotspot
Ratchaburi,not-hotspot,not-hotspot,not-hotspot,not-hotspot,not-hotspot,not-hotspot,not-hotspot,not-hotspot,not-hotspot,not-hotspot,not-hotspot,not-hotspot,not-hotspot,not-hotspot,not-hotspot,not-hotspot,not-hotspot,not-hotspot,not-hotspot,not-hotspot,not-hotspot,not-hotspot,not-hotspot,not-hotspot,not-hotspot,not-hotspot,not-hotspot,not-hotspot,not-hotspot,not-hotspot,not-hotspot,not-hotspot,not-hotspot,not-hotspot,not-hotspot,not-hotspot,not-hotspot,not-hotspot,not-hotspot,not-hotspot,not-hotspot,not-hotspot,not-hotspot,not-hotspot,not-hotspot,not-hotspot,not-hotspot,not-hotspot,not-hotspot,not-hotspot,not-hotspot,not-hotspot,not-hotspot,not-hotspot,not-hotspot,not-hotspot,not-hotspot,not-hotspot,not-hotspot,not-hotspot,not-hotspot,not-hotspot,not-hotspot,not-hotspot,not-hotspot,not-hotspot,not-hotspot,not-hotspot,not-hotspot,not-hotspot,not-hotspot,not-hotspot,not-hotspot,not-hotspot,not-hotspot,not-hotspot,not-hotspot,not-hotspot,not-hotspot,not-hotspot,not-hotspot,not-hotspot,not-hotspot,not-hotspot,not-hotspot,not-hotspot,not-hotspot,not-hotspot,not-hotspot,not-hotspot,not-hotspot,not-hotspot,not-hotspot,not-hotspot,not-hotspot,not-hotspot,not-hotspot,not-hotspot,not-hotspot,not-hotspot,not-hotspot
Rayong,not-hotspot,not-hotspot,not-hotspot,not-hotspot,not-hotspot,not-hotspot,not-hotspot,not-hotspot,not-hotspot,not-hotspot,not-hotspot,not-hotspot,not-hotspot,not-hotspot,not-hotspot,not-hotspot,not-hotspot,not-hotspot,not-hotspot,not-hotspot,not-hotspot,not-hotspot,not-hotspot,not-hotspot,not-hotspot,not-hotspot,not-hotspot,not-hotspot,not-hotspot,not-hotspot,not-hotspot,not-hotspot,not-hotspot,not-hotspot,not-hotspot,not-hotspot,not-hotspot,not-hotspot,not-hotspot,not-hotspot,not-hotspot,not-hotspot,not-hotspot,not-hotspot,not-hotspot,not-hotspot,not-hotspot,not-hotspot,not-hotspot,not-hotspot,not-hotspot,not-hotspot,not-hotspot,not-hotspot,not-hotspot,not-hotspot,not-hotspot,not-hotspot,not-hotspot,not-hotspot,not-hotspot,not-hotspot,not-hotspot,not-hotspot,not-hotspot,not-hotspot,not-hotspot,not-hotspot,not-hotspot,not-hotspot,not-hotspot,not-hotspot,not-hotspot,not-hotspot,not-hotspot,not-hotspot,not-hotspot,not-hotspot,not-hotspot,not-hotspot,not-hotspot,not-hotspot,not-hotspot,not-hotspot,not-hotspot,not-hotspot,not-hotspot,not-hotspot,not-hotspot,not-hotspot,not-hotspot,not-hotspot,not-hotspot,not-hotspot,not-hotspot,not-hotspot,not-hotspot,not-hotspot,not-hotspot,not-hotspot,not-hotspot
Roi Et,hotspot,hotspot,hotspot,hotspot,hotspot,hotspot,hotspot,hotspot,hotspot,hotspot,hotspot,hotspot,hotspot,hotspot,hotspot,hotspot,hotspot,hotspot,hotspot,hotspot,hotspot,hotspot,hotspot,hotspot,hotspot,hotspot,hotspot,hotspot,hotspot,not-hotspot,hotspot,hotspot,hotspot,hotspot,hotspot,hotspot,hotspot,hotspot,hotspot,hotspot,hotspot,hotspot,hotspot,hotspot,hotspot,hotspot,hotspot,hotspot,hotspot,hotspot,hotspot,hotspot,hotspot,hotspot,hotspot,hotspot,hotspot,hotspot,hotspot,hotspot,hotspot,hotspot,hotspot,hotspot,hotspot,hotspot,hotspot,not-hotspot,hotspot,hotspot,hotspot,hotspot,hotspot,hotspot,hotspot,hotspot,hotspot,hotspot,hotspot,hotspot,hotspot,hotspot,hotspot,hotspot,hotspot,hotspot,hotspot,hotspot,hotspot,hotspot,hotspot,hotspot,hotspot,hotspot,hotspot,hotspot,hotspot,hotspot,hotspot,hotspot,hotspot
Sa Kaeo,not-hotspot,not-hotspot,not-hotspot,not-hotspot,not-hotspot,not-hotspot,not-hotspot,not-hotspot,not-hotspot,not-hotspot,not-hotspot,not-hotspot,not-hotspot,not-hotspot,not-hotspot,not-hotspot,not-hotspot,not-hotspot,not-hotspot,not-hotspot,not-hotspot,not-hotspot,not-hotspot,not-hotspot,not-hotspot,not-hotspot,not-hotspot,not-hotspot,not-hotspot,not-hotspot,not-hotspot,not-hotspot,not-hotspot,not-hotspot,not-hotspot,not-hotspot,not-hotspot,not-hotspot,not-hotspot,not-hotspot,not-hotspot,not-hotspot,not-hotspot,not-hotspot,not-hotspot,not-hotspot,not-hotspot,not-hotspot,not-hotspot,not-hotspot,not-hotspot,not-hotspot,not-hotspot,not-hotspot,not-hotspot,not-hotspot,not-hotspot,not-hotspot,not-hotspot,not-hotspot,not-hotspot,not-hotspot,not-hotspot,not-hotspot,not-hotspot,not-hotspot,not-hotspot,not-hotspot,not-hotspot,not-hotspot,not-hotspot,not-hotspot,not-hotspot,not-hotspot,not-hotspot,not-hotspot,not-hotspot,not-hotspot,not-hotspot,not-hotspot,not-hotspot,not-hotspot,not-hotspot,not-hotspot,not-hotspot,not-hotspot,not-hotspot,not-hotspot,not-hotspot,not-hotspot,not-hotspot,not-hotspot,not-hotspot,not-hotspot,not-hotspot,not-hotspot,not-hotspot,not-hotspot,not-hotspot,not-hotspot,not-hotspot
Sakon Nakhon,not-hotspot,not-hotspot,not-hotspot,not-hotspot,not-hotspot,not-hotspot,not-hotspot,not-hotspot,not-hotspot,not-hotspot,not-hotspot,not-hotspot,not-hotspot,not-hotspot,not-hotspot,not-hotspot,not-hotspot,not-hotspot,not-hotspot,not-hotspot,not-hotspot,not-hotspot,not-hotspot,not-hotspot,not-hotspot,not-hotspot,not-hotspot,not-hotspot,not-hotspot,not-hotspot,not-hotspot,not-hotspot,not-hotspot,not-hotspot,not-hotspot,not-hotspot,not-hotspot,not-hotspot,not-hotspot,not-hotspot,not-hotspot,not-hotspot,not-hotspot,not-hotspot,not-hotspot,not-hotspot,not-hotspot,not-hotspot,not-hotspot,not-hotspot,not-hotspot,not-hotspot,not-hotspot,not-hotspot,not-hotspot,not-hotspot,not-hotspot,not-hotspot,not-hotspot,not-hotspot,not-hotspot,not-hotspot,not-hotspot,not-hotspot,not-hotspot,not-hotspot,not-hotspot,not-hotspot,not-hotspot,not-hotspot,not-hotspot,not-hotspot,not-hotspot,not-hotspot,not-hotspot,not-hotspot,not-hotspot,not-hotspot,not-hotspot,not-hotspot,not-hotspot,not-hotspot,not-hotspot,not-hotspot,not-hotspot,not-hotspot,not-hotspot,not-hotspot,not-hotspot,not-hotspot,not-hotspot,not-hotspot,not-hotspot,not-hotspot,not-hotspot,not-hotspot,not-hotspot,not-hotspot,not-hotspot,not-hotspot,not-hotspot
Samut Prakan,not-hotspot,not-hotspot,not-hotspot,not-hotspot,not-hotspot,not-hotspot,not-hotspot,not-hotspot,not-hotspot,not-hotspot,not-hotspot,not-hotspot,not-hotspot,not-hotspot,not-hotspot,not-hotspot,not-hotspot,not-hotspot,not-hotspot,not-hotspot,not-hotspot,not-hotspot,not-hotspot,not-hotspot,not-hotspot,not-hotspot,not-hotspot,not-hotspot,not-hotspot,not-hotspot,not-hotspot,not-hotspot,not-hotspot,not-hotspot,not-hotspot,not-hotspot,not-hotspot,not-hotspot,not-hotspot,not-hotspot,not-hotspot,not-hotspot,not-hotspot,not-hotspot,not-hotspot,not-hotspot,not-hotspot,not-hotspot,not-hotspot,not-hotspot,not-hotspot,not-hotspot,not-hotspot,not-hotspot,not-hotspot,not-hotspot,not-hotspot,not-hotspot,not-hotspot,not-hotspot,not-hotspot,not-hotspot,not-hotspot,not-hotspot,not-hotspot,not-hotspot,not-hotspot,not-hotspot,not-hotspot,not-hotspot,not-hotspot,not-hotspot,not-hotspot,not-hotspot,not-hotspot,not-hotspot,not-hotspot,not-hotspot,not-hotspot,not-hotspot,not-hotspot,not-hotspot,not-hotspot,not-hotspot,not-hotspot,not-hotspot,not-hotspot,not-hotspot,not-hotspot,not-hotspot,not-hotspot,not-hotspot,not-hotspot,not-hotspot,not-hotspot,not-hotspot,not-hotspot,not-hotspot,not-hotspot,not-hotspot,not-hotspot
Samut Sakhon,not-hotspot,not-hotspot,not-hotspot,not-hotspot,not-hotspot,not-hotspot,not-hotspot,not-hotspot,not-hotspot,not-hotspot,not-hotspot,not-hotspot,not-hotspot,not-hotspot,not-hotspot,not-hotspot,not-hotspot,not-hotspot,not-hotspot,not-hotspot,not-hotspot,not-hotspot,not-hotspot,not-hotspot,not-hotspot,not-hotspot,not-hotspot,not-hotspot,not-hotspot,not-hotspot,not-hotspot,not-hotspot,not-hotspot,not-hotspot,not-hotspot,not-hotspot,not-hotspot,not-hotspot,not-hotspot,not-hotspot,not-hotspot,not-hotspot,not-hotspot,not-hotspot,not-hotspot,not-hotspot,not-hotspot,not-hotspot,not-hotspot,not-hotspot,not-hotspot,not-hotspot,not-hotspot,not-hotspot,not-hotspot,not-hotspot,not-hotspot,not-hotspot,not-hotspot,not-hotspot,not-hotspot,not-hotspot,not-hotspot,not-hotspot,not-hotspot,not-hotspot,not-hotspot,not-hotspot,not-hotspot,not-hotspot,not-hotspot,not-hotspot,not-hotspot,not-hotspot,not-hotspot,not-hotspot,not-hotspot,not-hotspot,not-hotspot,not-hotspot,not-hotspot,not-hotspot,not-hotspot,not-hotspot,not-hotspot,not-hotspot,not-hotspot,not-hotspot,not-hotspot,not-hotspot,not-hotspot,not-hotspot,not-hotspot,not-hotspot,not-hotspot,not-hotspot,not-hotspot,not-hotspot,not-hotspot,not-hotspot,not-hotspot
Samut Songkhram,not-hotspot,not-hotspot,not-hotspot,not-hotspot,not-hotspot,not-hotspot,not-hotspot,not-hotspot,not-hotspot,not-hotspot,not-hotspot,not-hotspot,not-hotspot,not-hotspot,not-hotspot,not-hotspot,not-hotspot,not-hotspot,not-hotspot,not-hotspot,not-hotspot,not-hotspot,not-hotspot,not-hotspot,not-hotspot,not-hotspot,not-hotspot,not-hotspot,not-hotspot,not-hotspot,not-hotspot,not-hotspot,not-hotspot,not-hotspot,not-hotspot,not-hotspot,not-hotspot,not-hotspot,not-hotspot,not-hotspot,not-hotspot,not-hotspot,not-hotspot,not-hotspot,not-hotspot,not-hotspot,not-hotspot,not-hotspot,not-hotspot,not-hotspot,not-hotspot,not-hotspot,not-hotspot,not-hotspot,not-hotspot,not-hotspot,not-hotspot,not-hotspot,not-hotspot,not-hotspot,not-hotspot,not-hotspot,not-hotspot,not-hotspot,not-hotspot,not-hotspot,not-hotspot,not-hotspot,not-hotspot,not-hotspot,not-hotspot,not-hotspot,not-hotspot,not-hotspot,not-hotspot,not-hotspot,not-hotspot,not-hotspot,not-hotspot,not-hotspot,not-hotspot,not-hotspot,not-hotspot,not-hotspot,not-hotspot,not-hotspot,not-hotspot,not-hotspot,not-hotspot,not-hotspot,not-hotspot,not-hotspot,not-hotspot,not-hotspot,not-hotspot,not-hotspot,not-hotspot,not-hotspot,not-hotspot,not-hotspot,not-hotspot
Saraburi,not-hotspot,not-hotspot,not-hotspot,not-hotspot,not-hotspot,not-hotspot,not-hotspot,not-hotspot,not-hotspot,not-hotspot,not-hotspot,not-hotspot,not-hotspot,not-hotspot,not-hotspot,not-hotspot,not-hotspot,not-hotspot,not-hotspot,not-hotspot,not-hotspot,not-hotspot,not-hotspot,not-hotspot,not-hotspot,not-hotspot,not-hotspot,not-hotspot,not-hotspot,not-hotspot,not-hotspot,not-hotspot,not-hotspot,not-hotspot,not-hotspot,not-hotspot,not-hotspot,not-hotspot,not-hotspot,not-hotspot,not-hotspot,not-hotspot,not-hotspot,not-hotspot,not-hotspot,not-hotspot,not-hotspot,not-hotspot,not-hotspot,not-hotspot,not-hotspot,not-hotspot,not-hotspot,not-hotspot,not-hotspot,not-hotspot,not-hotspot,not-hotspot,not-hotspot,not-hotspot,not-hotspot,not-hotspot,not-hotspot,not-hotspot,not-hotspot,not-hotspot,not-hotspot,not-hotspot,not-hotspot,not-hotspot,not-hotspot,not-hotspot,not-hotspot,not-hotspot,not-hotspot,not-hotspot,not-hotspot,not-hotspot,not-hotspot,not-hotspot,not-hotspot,not-hotspot,not-hotspot,not-hotspot,not-hotspot,not-hotspot,not-hotspot,not-hotspot,not-hotspot,not-hotspot,not-hotspot,not-hotspot,not-hotspot,not-hotspot,not-hotspot,not-hotspot,not-hotspot,not-hotspot,not-hotspot,not-hotspot,not-hotspot
Satun,not-hotspot,not-hotspot,not-hotspot,not-hotspot,not-hotspot,not-hotspot,not-hotspot,not-hotspot,not-hotspot,not-hotspot,not-hotspot,not-hotspot,not-hotspot,not-hotspot,not-hotspot,not-hotspot,not-hotspot,not-hotspot,not-hotspot,not-hotspot,not-hotspot,not-hotspot,not-hotspot,not-hotspot,not-hotspot,not-hotspot,not-hotspot,not-hotspot,not-hotspot,not-hotspot,not-hotspot,not-hotspot,not-hotspot,not-hotspot,not-hotspot,not-hotspot,not-hotspot,not-hotspot,not-hotspot,not-hotspot,not-hotspot,not-hotspot,not-hotspot,not-hotspot,not-hotspot,not-hotspot,not-hotspot,not-hotspot,not-hotspot,not-hotspot,not-hotspot,not-hotspot,not-hotspot,not-hotspot,not-hotspot,not-hotspot,not-hotspot,not-hotspot,not-hotspot,not-hotspot,not-hotspot,not-hotspot,not-hotspot,not-hotspot,not-hotspot,not-hotspot,not-hotspot,not-hotspot,not-hotspot,not-hotspot,not-hotspot,not-hotspot,not-hotspot,not-hotspot,not-hotspot,not-hotspot,not-hotspot,not-hotspot,not-hotspot,not-hotspot,not-hotspot,not-hotspot,not-hotspot,not-hotspot,not-hotspot,not-hotspot,not-hotspot,not-hotspot,not-hotspot,not-hotspot,not-hotspot,not-hotspot,not-hotspot,not-hotspot,not-hotspot,not-hotspot,not-hotspot,not-hotspot,not-hotspot,not-hotspot,not-hotspot
Si Sa Ket,not-hotspot,not-hotspot,not-hotspot,not-hotspot,not-hotspot,not-hotspot,not-hotspot,not-hotspot,not-hotspot,not-hotspot,not-hotspot,not-hotspot,not-hotspot,not-hotspot,not-hotspot,not-hotspot,not-hotspot,not-hotspot,not-hotspot,not-hotspot,not-hotspot,not-hotspot,not-hotspot,not-hotspot,not-hotspot,not-hotspot,not-hotspot,not-hotspot,not-hotspot,not-hotspot,not-hotspot,not-hotspot,not-hotspot,not-hotspot,not-hotspot,not-hotspot,not-hotspot,not-hotspot,not-hotspot,not-hotspot,not-hotspot,not-hotspot,not-hotspot,not-hotspot,not-hotspot,not-hotspot,not-hotspot,not-hotspot,not-hotspot,not-hotspot,not-hotspot,not-hotspot,not-hotspot,not-hotspot,not-hotspot,not-hotspot,not-hotspot,not-hotspot,not-hotspot,not-hotspot,not-hotspot,not-hotspot,not-hotspot,not-hotspot,not-hotspot,not-hotspot,not-hotspot,not-hotspot,not-hotspot,not-hotspot,not-hotspot,not-hotspot,not-hotspot,not-hotspot,not-hotspot,not-hotspot,not-hotspot,not-hotspot,not-hotspot,not-hotspot,not-hotspot,not-hotspot,not-hotspot,not-hotspot,not-hotspot,not-hotspot,not-hotspot,not-hotspot,not-hotspot,not-hotspot,not-hotspot,not-hotspot,not-hotspot,not-hotspot,not-hotspot,not-hotspot,not-hotspot,not-hotspot,not-hotspot,not-hotspot,not-hotspot
Sing Buri,not-hotspot,not-hotspot,not-hotspot,not-hotspot,not-hotspot,not-hotspot,not-hotspot,not-hotspot,not-hotspot,not-hotspot,not-hotspot,not-hotspot,not-hotspot,not-hotspot,not-hotspot,not-hotspot,not-hotspot,not-hotspot,not-hotspot,not-hotspot,not-hotspot,not-hotspot,not-hotspot,not-hotspot,not-hotspot,not-hotspot,not-hotspot,not-hotspot,not-hotspot,not-hotspot,not-hotspot,not-hotspot,not-hotspot,not-hotspot,not-hotspot,not-hotspot,not-hotspot,not-hotspot,not-hotspot,not-hotspot,not-hotspot,not-hotspot,not-hotspot,not-hotspot,not-hotspot,not-hotspot,not-hotspot,not-hotspot,not-hotspot,not-hotspot,not-hotspot,not-hotspot,not-hotspot,not-hotspot,not-hotspot,not-hotspot,not-hotspot,not-hotspot,not-hotspot,not-hotspot,not-hotspot,not-hotspot,not-hotspot,not-hotspot,not-hotspot,not-hotspot,not-hotspot,not-hotspot,not-hotspot,not-hotspot,not-hotspot,not-hotspot,not-hotspot,not-hotspot,not-hotspot,not-hotspot,not-hotspot,not-hotspot,not-hotspot,not-hotspot,not-hotspot,not-hotspot,not-hotspot,not-hotspot,not-hotspot,not-hotspot,not-hotspot,not-hotspot,not-hotspot,not-hotspot,not-hotspot,not-hotspot,not-hotspot,not-hotspot,not-hotspot,not-hotspot,not-hotspot,not-hotspot,not-hotspot,not-hotspot,not-hotspot
Songkhla,not-hotspot,not-hotspot,not-hotspot,not-hotspot,not-hotspot,not-hotspot,not-hotspot,not-hotspot,not-hotspot,not-hotspot,not-hotspot,not-hotspot,not-hotspot,not-hotspot,not-hotspot,not-hotspot,not-hotspot,not-hotspot,not-hotspot,not-hotspot,not-hotspot,not-hotspot,not-hotspot,not-hotspot,not-hotspot,not-hotspot,not-hotspot,not-hotspot,not-hotspot,not-hotspot,not-hotspot,not-hotspot,not-hotspot,not-hotspot,not-hotspot,not-hotspot,not-hotspot,not-hotspot,not-hotspot,not-hotspot,not-hotspot,not-hotspot,not-hotspot,not-hotspot,not-hotspot,not-hotspot,not-hotspot,not-hotspot,not-hotspot,not-hotspot,not-hotspot,not-hotspot,not-hotspot,not-hotspot,not-hotspot,not-hotspot,not-hotspot,not-hotspot,not-hotspot,not-hotspot,not-hotspot,not-hotspot,not-hotspot,not-hotspot,not-hotspot,not-hotspot,not-hotspot,not-hotspot,not-hotspot,not-hotspot,not-hotspot,not-hotspot,not-hotspot,not-hotspot,not-hotspot,not-hotspot,not-hotspot,not-hotspot,not-hotspot,not-hotspot,not-hotspot,not-hotspot,not-hotspot,not-hotspot,not-hotspot,not-hotspot,not-hotspot,not-hotspot,not-hotspot,not-hotspot,not-hotspot,not-hotspot,not-hotspot,not-hotspot,not-hotspot,not-hotspot,not-hotspot,not-hotspot,not-hotspot,not-hotspot,not-hotspot
Sukhothai,not-hotspot,not-hotspot,not-hotspot,not-hotspot,not-hotspot,not-hotspot,not-hotspot,not-hotspot,not-hotspot,not-hotspot,not-hotspot,not-hotspot,not-hotspot,not-hotspot,not-hotspot,not-hotspot,not-hotspot,not-hotspot,not-hotspot,not-hotspot,not-hotspot,not-hotspot,not-hotspot,not-hotspot,not-hotspot,not-hotspot,not-hotspot,not-hotspot,not-hotspot,not-hotspot,not-hotspot,not-hotspot,not-hotspot,not-hotspot,not-hotspot,not-hotspot,not-hotspot,not-hotspot,not-hotspot,not-hotspot,not-hotspot,not-hotspot,not-hotspot,not-hotspot,not-hotspot,not-hotspot,not-hotspot,not-hotspot,not-hotspot,not-hotspot,not-hotspot,not-hotspot,not-hotspot,not-hotspot,not-hotspot,not-hotspot,not-hotspot,not-hotspot,not-hotspot,not-hotspot,not-hotspot,not-hotspot,not-hotspot,not-hotspot,not-hotspot,not-hotspot,not-hotspot,not-hotspot,not-hotspot,not-hotspot,not-hotspot,not-hotspot,not-hotspot,not-hotspot,not-hotspot,not-hotspot,not-hotspot,not-hotspot,not-hotspot,not-hotspot,not-hotspot,not-hotspot,not-hotspot,not-hotspot,not-hotspot,not-hotspot,not-hotspot,not-hotspot,not-hotspot,not-hotspot,not-hotspot,not-hotspot,not-hotspot,not-hotspot,not-hotspot,not-hotspot,not-hotspot,not-hotspot,not-hotspot,not-hotspot,not-hotspot
Suphan Buri,not-hotspot,not-hotspot,not-hotspot,not-hotspot,not-hotspot,not-hotspot,not-hotspot,not-hotspot,not-hotspot,not-hotspot,not-hotspot,not-hotspot,not-hotspot,not-hotspot,not-hotspot,not-hotspot,not-hotspot,not-hotspot,not-hotspot,not-hotspot,not-hotspot,not-hotspot,not-hotspot,not-hotspot,not-hotspot,not-hotspot,not-hotspot,not-hotspot,not-hotspot,not-hotspot,not-hotspot,not-hotspot,not-hotspot,not-hotspot,not-hotspot,not-hotspot,not-hotspot,not-hotspot,not-hotspot,not-hotspot,not-hotspot,not-hotspot,not-hotspot,not-hotspot,not-hotspot,not-hotspot,not-hotspot,not-hotspot,not-hotspot,not-hotspot,not-hotspot,not-hotspot,not-hotspot,not-hotspot,not-hotspot,not-hotspot,not-hotspot,not-hotspot,not-hotspot,not-hotspot,not-hotspot,not-hotspot,not-hotspot,not-hotspot,not-hotspot,not-hotspot,not-hotspot,not-hotspot,not-hotspot,not-hotspot,not-hotspot,not-hotspot,not-hotspot,not-hotspot,not-hotspot,not-hotspot,not-hotspot,not-hotspot,not-hotspot,not-hotspot,not-hotspot,not-hotspot,not-hotspot,not-hotspot,not-hotspot,not-hotspot,not-hotspot,not-hotspot,not-hotspot,not-hotspot,not-hotspot,not-hotspot,not-hotspot,not-hotspot,not-hotspot,not-hotspot,not-hotspot,not-hotspot,not-hotspot,not-hotspot,not-hotspot
Surat Thani,not-hotspot,not-hotspot,not-hotspot,not-hotspot,not-hotspot,not-hotspot,not-hotspot,not-hotspot,not-hotspot,not-hotspot,not-hotspot,not-hotspot,not-hotspot,not-hotspot,not-hotspot,not-hotspot,not-hotspot,not-hotspot,not-hotspot,not-hotspot,not-hotspot,not-hotspot,not-hotspot,not-hotspot,not-hotspot,not-hotspot,not-hotspot,not-hotspot,not-hotspot,not-hotspot,not-hotspot,not-hotspot,not-hotspot,not-hotspot,not-hotspot,not-hotspot,not-hotspot,not-hotspot,not-hotspot,not-hotspot,not-hotspot,not-hotspot,not-hotspot,not-hotspot,not-hotspot,not-hotspot,not-hotspot,not-hotspot,not-hotspot,not-hotspot,not-hotspot,not-hotspot,not-hotspot,not-hotspot,not-hotspot,not-hotspot,not-hotspot,not-hotspot,not-hotspot,not-hotspot,not-hotspot,not-hotspot,not-hotspot,not-hotspot,not-hotspot,not-hotspot,not-hotspot,not-hotspot,not-hotspot,not-hotspot,not-hotspot,not-hotspot,not-hotspot,not-hotspot,not-hotspot,not-hotspot,not-hotspot,not-hotspot,not-hotspot,not-hotspot,not-hotspot,not-hotspot,not-hotspot,not-hotspot,not-hotspot,not-hotspot,not-hotspot,not-hotspot,not-hotspot,not-hotspot,not-hotspot,not-hotspot,not-hotspot,not-hotspot,not-hotspot,not-hotspot,not-hotspot,not-hotspot,not-hotspot,not-hotspot,not-hotspot
Surin,not-hotspot,not-hotspot,not-hotspot,not-hotspot,not-hotspot,not-hotspot,not-hotspot,not-hotspot,not-hotspot,not-hotspot,not-hotspot,not-hotspot,not-hotspot,not-hotspot,not-hotspot,not-hotspot,not-hotspot,not-hotspot,not-hotspot,not-hotspot,not-hotspot,not-hotspot,not-hotspot,not-hotspot,not-hotspot,not-hotspot,not-hotspot,not-hotspot,not-hotspot,not-hotspot,not-hotspot,not-hotspot,not-hotspot,not-hotspot,not-hotspot,not-hotspot,not-hotspot,not-hotspot,not-hotspot,not-hotspot,not-hotspot,not-hotspot,not-hotspot,not-hotspot,not-hotspot,not-hotspot,not-hotspot,not-hotspot,not-hotspot,not-hotspot,not-hotspot,not-hotspot,not-hotspot,not-hotspot,not-hotspot,not-hotspot,not-hotspot,not-hotspot,not-hotspot,not-hotspot,not-hotspot,not-hotspot,not-hotspot,not-hotspot,not-hotspot,not-hotspot,not-hotspot,not-hotspot,not-hotspot,not-hotspot,not-hotspot,not-hotspot,not-hotspot,not-hotspot,not-hotspot,not-hotspot,not-hotspot,not-hotspot,not-hotspot,not-hotspot,not-hotspot,not-hotspot,not-hotspot,not-hotspot,not-hotspot,not-hotspot,not-hotspot,not-hotspot,not-hotspot,not-hotspot,not-hotspot,not-hotspot,not-hotspot,not-hotspot,not-hotspot,not-hotspot,not-hotspot,not-hotspot,not-hotspot,not-hotspot,not-hotspot
Tak,not-hotspot,not-hotspot,not-hotspot,not-hotspot,not-hotspot,not-hotspot,not-hotspot,not-hotspot,not-hotspot,not-hotspot,not-hotspot,not-hotspot,not-hotspot,not-hotspot,not-hotspot,not-hotspot,not-hotspot,not-hotspot,not-hotspot,not-hotspot,not-hotspot,not-hotspot,not-hotspot,not-hotspot,not-hotspot,not-hotspot,not-hotspot,not-hotspot,not-hotspot,not-hotspot,not-hotspot,not-hotspot,not-hotspot,not-hotspot,not-hotspot,not-hotspot,not-hotspot,not-hotspot,not-hotspot,not-hotspot,not-hotspot,not-hotspot,not-hotspot,not-hotspot,not-hotspot,not-hotspot,not-hotspot,not-hotspot,not-hotspot,not-hotspot,not-hotspot,not-hotspot,not-hotspot,not-hotspot,not-hotspot,not-hotspot,not-hotspot,not-hotspot,not-hotspot,not-hotspot,not-hotspot,not-hotspot,not-hotspot,not-hotspot,not-hotspot,not-hotspot,not-hotspot,not-hotspot,not-hotspot,not-hotspot,not-hotspot,not-hotspot,not-hotspot,not-hotspot,not-hotspot,not-hotspot,not-hotspot,not-hotspot,not-hotspot,not-hotspot,not-hotspot,not-hotspot,not-hotspot,not-hotspot,not-hotspot,not-hotspot,not-hotspot,not-hotspot,not-hotspot,not-hotspot,not-hotspot,not-hotspot,not-hotspot,not-hotspot,not-hotspot,not-hotspot,not-hotspot,not-hotspot,not-hotspot,not-hotspot,not-hotspot
Trang,not-hotspot,not-hotspot,not-hotspot,not-hotspot,not-hotspot,not-hotspot,not-hotspot,not-hotspot,not-hotspot,not-hotspot,not-hotspot,not-hotspot,not-hotspot,not-hotspot,not-hotspot,not-hotspot,not-hotspot,not-hotspot,not-hotspot,not-hotspot,not-hotspot,not-hotspot,not-hotspot,not-hotspot,not-hotspot,not-hotspot,not-hotspot,not-hotspot,not-hotspot,not-hotspot,not-hotspot,not-hotspot,not-hotspot,not-hotspot,not-hotspot,not-hotspot,not-hotspot,not-hotspot,not-hotspot,not-hotspot,not-hotspot,not-hotspot,not-hotspot,not-hotspot,not-hotspot,not-hotspot,not-hotspot,not-hotspot,not-hotspot,not-hotspot,not-hotspot,not-hotspot,not-hotspot,not-hotspot,not-hotspot,not-hotspot,not-hotspot,not-hotspot,not-hotspot,not-hotspot,not-hotspot,not-hotspot,not-hotspot,not-hotspot,not-hotspot,not-hotspot,not-hotspot,not-hotspot,not-hotspot,not-hotspot,not-hotspot,not-hotspot,not-hotspot,not-hotspot,not-hotspot,not-hotspot,not-hotspot,not-hotspot,not-hotspot,not-hotspot,not-hotspot,not-hotspot,not-hotspot,not-hotspot,not-hotspot,not-hotspot,not-hotspot,not-hotspot,not-hotspot,not-hotspot,not-hotspot,not-hotspot,not-hotspot,not-hotspot,not-hotspot,not-hotspot,not-hotspot,not-hotspot,not-hotspot,not-hotspot,not-hotspot
Trat,not-hotspot,not-hotspot,not-hotspot,not-hotspot,not-hotspot,not-hotspot,not-hotspot,not-hotspot,not-hotspot,not-hotspot,not-hotspot,not-hotspot,not-hotspot,not-hotspot,not-hotspot,not-hotspot,not-hotspot,not-hotspot,not-hotspot,not-hotspot,not-hotspot,not-hotspot,not-hotspot,not-hotspot,not-hotspot,not-hotspot,not-hotspot,not-hotspot,not-hotspot,not-hotspot,not-hotspot,not-hotspot,not-hotspot,not-hotspot,not-hotspot,not-hotspot,not-hotspot,not-hotspot,not-hotspot,not-hotspot,not-hotspot,not-hotspot,not-hotspot,not-hotspot,not-hotspot,not-hotspot,not-hotspot,not-hotspot,not-hotspot,not-hotspot,not-hotspot,not-hotspot,not-hotspot,not-hotspot,not-hotspot,not-hotspot,not-hotspot,not-hotspot,not-hotspot,not-hotspot,not-hotspot,not-hotspot,not-hotspot,not-hotspot,not-hotspot,not-hotspot,not-hotspot,not-hotspot,not-hotspot,not-hotspot,not-hotspot,not-hotspot,not-hotspot,not-hotspot,not-hotspot,not-hotspot,not-hotspot,not-hotspot,not-hotspot,not-hotspot,not-hotspot,not-hotspot,not-hotspot,not-hotspot,not-hotspot,not-hotspot,not-hotspot,not-hotspot,not-hotspot,not-hotspot,not-hotspot,not-hotspot,not-hotspot,not-hotspot,not-hotspot,not-hotspot,not-hotspot,not-hotspot,not-hotspot,not-hotspot,not-hotspot
Ubon Ratchathani,not-hotspot,not-hotspot,not-hotspot,not-hotspot,not-hotspot,not-hotspot,not-hotspot,not-hotspot,not-hotspot,not-hotspot,not-hotspot,not-hotspot,not-hotspot,not-hotspot,not-hotspot,not-hotspot,not-hotspot,not-hotspot,not-hotspot,not-hotspot,not-hotspot,not-hotspot,not-hotspot,not-hotspot,not-hotspot,not-hotspot,not-hotspot,not-hotspot,not-hotspot,not-hotspot,not-hotspot,not-hotspot,not-hotspot,not-hotspot,not-hotspot,not-hotspot,not-hotspot,not-hotspot,not-hotspot,not-hotspot,not-hotspot,not-hotspot,not-hotspot,not-hotspot,not-hotspot,not-hotspot,not-hotspot,not-hotspot,not-hotspot,not-hotspot,not-hotspot,not-hotspot,not-hotspot,not-hotspot,not-hotspot,not-hotspot,not-hotspot,not-hotspot,not-hotspot,not-hotspot,not-hotspot,not-hotspot,not-hotspot,not-hotspot,not-hotspot,not-hotspot,not-hotspot,not-hotspot,not-hotspot,not-hotspot,not-hotspot,not-hotspot,not-hotspot,not-hotspot,not-hotspot,not-hotspot,not-hotspot,not-hotspot,not-hotspot,not-hotspot,not-hotspot,not-hotspot,not-hotspot,not-hotspot,not-hotspot,not-hotspot,not-hotspot,not-hotspot,not-hotspot,not-hotspot,not-hotspot,not-hotspot,not-hotspot,not-hotspot,not-hotspot,not-hotspot,not-hotspot,not-hotspot,not-hotspot,not-hotspot,not-hotspot
Udon Thani,not-hotspot,not-hotspot,not-hotspot,not-hotspot,not-hotspot,not-hotspot,not-hotspot,not-hotspot,not-hotspot,not-hotspot,not-hotspot,not-hotspot,not-hotspot,not-hotspot,not-hotspot,not-hotspot,not-hotspot,not-hotspot,not-hotspot,not-hotspot,not-hotspot,not-hotspot,not-hotspot,not-hotspot,not-hotspot,not-hotspot,not-hotspot,not-hotspot,not-hotspot,not-hotspot,not-hotspot,not-hotspot,not-hotspot,not-hotspot,not-hotspot,not-hotspot,not-hotspot,not-hotspot,not-hotspot,not-hotspot,not-hotspot,not-hotspot,not-hotspot,not-hotspot,not-hotspot,not-hotspot,not-hotspot,not-hotspot,not-hotspot,not-hotspot,not-hotspot,not-hotspot,not-hotspot,not-hotspot,not-hotspot,not-hotspot,not-hotspot,not-hotspot,not-hotspot,not-hotspot,not-hotspot,not-hotspot,not-hotspot,not-hotspot,not-hotspot,not-hotspot,not-hotspot,not-hotspot,not-hotspot,not-hotspot,not-hotspot,not-hotspot,not-hotspot,not-hotspot,not-hotspot,not-hotspot,not-hotspot,not-hotspot,not-hotspot,not-hotspot,not-hotspot,not-hotspot,not-hotspot,not-hotspot,not-hotspot,not-hotspot,not-hotspot,not-hotspot,not-hotspot,not-hotspot,not-hotspot,not-hotspot,not-hotspot,not-hotspot,not-hotspot,not-hotspot,not-hotspot,not-hotspot,not-hotspot,not-hotspot,not-hotspot
Uthai Thani,not-hotspot,not-hotspot,not-hotspot,not-hotspot,not-hotspot,not-hotspot,not-hotspot,not-hotspot,not-hotspot,not-hotspot,not-hotspot,not-hotspot,not-hotspot,not-hotspot,not-hotspot,not-hotspot,not-hotspot,not-hotspot,not-hotspot,not-hotspot,not-hotspot,not-hotspot,not-hotspot,not-hotspot,not-hotspot,not-hotspot,not-hotspot,not-hotspot,not-hotspot,not-hotspot,not-hotspot,not-hotspot,not-hotspot,not-hotspot,not-hotspot,not-hotspot,not-hotspot,not-hotspot,not-hotspot,not-hotspot,not-hotspot,not-hotspot,not-hotspot,not-hotspot,not-hotspot,not-hotspot,not-hotspot,not-hotspot,not-hotspot,not-hotspot,not-hotspot,not-hotspot,not-hotspot,not-hotspot,not-hotspot,not-hotspot,not-hotspot,not-hotspot,not-hotspot,not-hotspot,not-hotspot,not-hotspot,not-hotspot,not-hotspot,not-hotspot,not-hotspot,not-hotspot,not-hotspot,not-hotspot,not-hotspot,not-hotspot,not-hotspot,not-hotspot,not-hotspot,not-hotspot,not-hotspot,not-hotspot,not-hotspot,not-hotspot,not-hotspot,not-hotspot,not-hotspot,not-hotspot,not-hotspot,not-hotspot,not-hotspot,not-hotspot,not-hotspot,not-hotspot,not-hotspot,not-hotspot,not-hotspot,not-hotspot,not-hotspot,not-hotspot,not-hotspot,not-hotspot,not-hotspot,not-hotspot,not-hotspot,not-hotspot
Uttaradit,not-hotspot,not-hotspot,not-hotspot,not-hotspot,not-hotspot,not-hotspot,not-hotspot,not-hotspot,not-hotspot,not-hotspot,not-hotspot,not-hotspot,not-hotspot,not-hotspot,not-hotspot,not-hotspot,not-hotspot,not-hotspot,not-hotspot,not-hotspot,not-hotspot,not-hotspot,not-hotspot,not-hotspot,not-hotspot,not-hotspot,not-hotspot,not-hotspot,not-hotspot,not-hotspot,not-hotspot,not-hotspot,not-hotspot,not-hotspot,not-hotspot,not-hotspot,not-hotspot,not-hotspot,not-hotspot,not-hotspot,not-hotspot,not-hotspot,not-hotspot,not-hotspot,not-hotspot,not-hotspot,not-hotspot,not-hotspot,not-hotspot,not-hotspot,not-hotspot,not-hotspot,not-hotspot,not-hotspot,not-hotspot,not-hotspot,not-hotspot,not-hotspot,not-hotspot,not-hotspot,not-hotspot,not-hotspot,not-hotspot,not-hotspot,not-hotspot,not-hotspot,not-hotspot,not-hotspot,not-hotspot,not-hotspot,not-hotspot,not-hotspot,not-hotspot,not-hotspot,not-hotspot,not-hotspot,not-hotspot,not-hotspot,not-hotspot,not-hotspot,not-hotspot,not-hotspot,not-hotspot,not-hotspot,not-hotspot,not-hotspot,not-hotspot,not-hotspot,not-hotspot,not-hotspot,not-hotspot,not-hotspot,not-hotspot,not-hotspot,not-hotspot,not-hotspot,not-hotspot,not-hotspot,not-hotspot,not-hotspot,not-hotspot
Yala,not-hotspot,not-hotspot,not-hotspot,not-hotspot,not-hotspot,not-hotspot,not-hotspot,not-hotspot,not-hotspot,not-hotspot,not-hotspot,not-hotspot,not-hotspot,not-hotspot,not-hotspot,not-hotspot,not-hotspot,not-hotspot,not-hotspot,not-hotspot,not-hotspot,not-hotspot,not-hotspot,not-hotspot,not-hotspot,not-hotspot,not-hotspot,not-hotspot,not-hotspot,not-hotspot,not-hotspot,not-hotspot,not-hotspot,not-hotspot,not-hotspot,not-hotspot,not-hotspot,not-hotspot,not-hotspot,not-hotspot,not-hotspot,not-hotspot,not-hotspot,not-hotspot,not-hotspot,not-hotspot,not-hotspot,not-hotspot,not-hotspot,not-hotspot,not-hotspot,not-hotspot,not-hotspot,not-hotspot,not-hotspot,not-hotspot,not-hotspot,not-hotspot,not-hotspot,not-hotspot,not-hotspot,not-hotspot,not-hotspot,not-hotspot,not-hotspot,not-hotspot,not-hotspot,not-hotspot,not-hotspot,not-hotspot,not-hotspot,not-hotspot,not-hotspot,not-hotspot,not-hotspot,not-hotspot,not-hotspot,not-hotspot,not-hotspot,not-hotspot,not-hotspot,not-hotspot,not-hotspot,not-hotspot,not-hotspot,not-hotspot,not-hotspot,not-hotspot,not-hotspot,not-hotspot,not-hotspot,not-hotspot,not-hotspot,not-hotspot,not-hotspot,not-hotspot,not-hotspot,not-hotspot,not-hotspot,not-hotspot,not-hotspot
Yasothon,not-hotspot,not-hotspot,not-hotspot,not-hotspot,not-hotspot,not-hotspot,not-hotspot,not-hotspot,not-hotspot,not-hotspot,not-hotspot,not-hotspot,not-hotspot,not-hotspot,not-hotspot,not-hotspot,not-hotspot,not-hotspot,not-hotspot,not-hotspot,not-hotspot,not-hotspot,not-hotspot,not-hotspot,not-hotspot,not-hotspot,not-hotspot,not-hotspot,not-hotspot,not-hotspot,not-hotspot,not-hotspot,not-hotspot,not-hotspot,not-hotspot,not-hotspot,not-hotspot,not-hotspot,not-hotspot,not-hotspot,not-hotspot,not-hotspot,not-hotspot,not-hotspot,not-hotspot,not-hotspot,not-hotspot,not-hotspot,not-hotspot,not-hotspot,not-hotspot,not-hotspot,not-hotspot,not-hotspot,not-hotspot,not-hotspot,not-hotspot,not-hotspot,not-hotspot,not-hotspot,not-hotspot,not-hotspot,not-hotspot,not-hotspot,not-hotspot,not-hotspot,not-hotspot,not-hotspot,not-hotspot,not-hotspot,not-hotspot,not-hotspot,not-hotspot,not-hotspot,not-hotspot,not-hotspot,not-hotspot,not-hotspot,not-hotspot,not-hotspot,not-hotspot,not-hotspot,not-hotspot,not-hotspot,not-hotspot,not-hotspot,not-hotspot,not-hotspot,not-hotspot,not-hotspot,not-hotspot,not-hotspot,not-hotspot,not-hotspot,not-hotspot,not-hotspot,not-hotspot,not-hotspot,not-hotspot,not-hotspot,not-hotspot
